# name: debug
# type: sparse matrix
# nnz: 129582
# rows: 10500
# columns: 10500

1 1 4931.38872
2 1 -36139.0491
3 1 48748.5411
4 1 -44.5437729
5 1 -5.74276067
6 1 0
7459 1 -4705.46045
7460 1 36199.9959
7461 1 0
7657 1 -44.5773183
7658 1 -2.70246867
7659 1 0
7660 1 -44.5506305
7661 1 -5.90612983
7662 1 0
7894 1 -46.7052386
7895 1 -27.477027
7896 1 0
7951 1 -45.469317
7952 1 -19.1184481
7953 1 0
1 2 -36139.0491
2 2 282823.643
3 2 -405190.755
4 2 -5.74276067
5 2 -376.607627
6 2 0
7459 2 36199.9959
7460 2 -281195.18
7461 2 0
7657 2 -2.70246867
7658 2 -99.4281817
7659 2 0
7660 2 -5.90612983
7661 2 -372.86927
7662 2 0
7894 2 -27.477027
7895 2 -378.388661
7896 2 0
7951 2 -19.1184481
7952 2 -401.087783
7953 2 0
1 3 48748.5411
2 3 -405190.755
3 3 863913.193
4 3 153.742971
5 3 4601.48139
6 3 -9745.79
7459 3 -49792.1752
7460 3 387402.886
7461 3 -1543.71
7657 3 -103.451949
7658 3 82.7732683
7659 3 -9951.52
7660 3 -104.628394
7661 3 -711.52912
7662 3 -584.313
7894 3 656.56351
7895 3 7372.20513
7896 3 -1509.49
7951 3 441.407931
7952 3 6442.93754
7953 3 -591.942
1 4 -44.5437729
2 4 -5.74276067
3 4 153.742971
4 4 89.4247989
5 4 -5.28657114
6 4 9.68121077
7 4 -44.7990408
8 4 11.0293318
9 4 0
1 5 -5.74276067
2 5 -376.607627
3 5 4601.48139
4 5 -5.28657114
5 5 764.145872
6 5 -2902.51201
7 5 11.0293318
8 5 -387.456259
9 5 0
1 6 0
2 6 0
3 6 -9745.79
4 6 9.68121077
5 6 -2902.51201
6 6 41349.4293
7 6 -9.68121077
8 6 2902.51201
9 6 -9740.66
4 7 -44.7990408
5 7 11.0293318
6 7 -9.68121077
7 7 102.228033
8 7 -75.4253981
9 7 111.991323
10 7 -57.3470074
11 7 64.3960663
12 7 0
4 8 11.0293318
5 8 -387.456259
6 8 2902.51201
7 8 -75.4253981
8 8 753.380537
9 8 -779.825058
10 8 64.3960663
11 8 -365.842293
12 8 0
4 9 0
5 9 0
6 9 -9740.66
7 9 111.991323
8 9 -779.825058
9 9 21320.9312
10 9 -111.991323
11 9 779.825058
12 9 -9904.04
7 10 -57.3470074
8 10 64.3960663
9 10 -111.991323
10 10 742680.554
11 10 -261003.002
12 10 33454.7157
13 10 -358.78171
14 10 -108.854386
15 10 0
31 10 -381.356323
32 10 -95.752917
33 10 0
8314 10 -60238.9924
8315 10 -144728.902
8316 10 0
8362 10 -137468.874
8363 10 147675.948
8364 10 0
8365 10 -81.200868
8366 10 108.306072
8367 10 0
8434 10 -544093.919
8435 10 258087.861
8436 10 0
7 11 64.3960663
8 11 -365.842293
9 11 779.825058
10 11 -261003.002
11 11 630120.516
12 11 82564.6311
13 11 -108.854386
14 11 -82.14049
15 11 0
31 11 -95.752917
32 11 -71.6581772
33 11 0
8314 11 -144728.902
8315 11 -348024.008
8316 11 0
8362 11 147675.948
8363 11 -158737.126
8364 11 0
8365 11 108.306072
8366 11 -363.578332
8367 11 0
8434 11 258087.861
8435 11 -122476.081
8436 11 0
7 12 0
8 12 0
9 12 -9904.04
10 12 33454.7157
11 12 82564.6311
12 12 118500.068
13 12 269.32524
14 12 101.220805
15 12 -1517.82
31 12 217.914909
32 12 78.9588144
33 12 -1521.68
8314 12 -49120.9944
8315 12 -118098.802
8316 12 -587.09
8362 12 -71584.1442
8363 12 76928.1583
8364 12 -1575
8365 12 162.222896
8366 12 -490.148517
8367 12 -9691.6
8434 12 86600.9599
8435 12 -41084.0182
8436 12 -1543.57
10 13 -358.78171
11 13 -108.854386
12 13 269.32524
13 13 1423.02716
14 13 452.63994
15 13 451.565438
16 13 -339.844337
17 13 -118.521286
18 13 0
8290 13 -347.869163
8291 13 -111.709008
8292 13 0
8434 13 -376.449961
8435 13 -113.55526
8436 13 0
10 14 -108.854386
11 14 -82.14049
12 14 101.220805
13 14 452.63994
14 14 343.075214
15 14 145.849268
16 14 -118.521286
17 14 -91.9979627
18 14 0
8290 14 -111.709008
8291 14 -85.5712371
8292 14 0
8434 14 -113.55526
8435 14 -83.2835388
8436 14 0
10 15 0
11 15 0
12 15 -1517.82
13 15 451.565438
14 15 145.849268
15 15 22279.5646
16 15 163.113542
17 15 93.4444854
18 15 -9681.72
8290 15 -363.125361
8291 15 -139.047366
8292 15 -9816.04
8434 15 -251.553619
8435 15 -100.246387
8436 15 -589.848
13 16 -339.844337
14 16 -118.521286
15 16 163.113542
16 16 190331.961
17 16 143454.734
18 16 -245638.215
19 16 -357.39431
20 16 -86.9190826
21 16 0
28 16 -48604.6315
29 16 -80319.3045
30 16 0
172 16 -141030.009
173 16 -62929.989
174 16 0
13 17 -118.521286
14 17 -91.9979627
15 17 93.4444854
16 17 143454.734
17 17 161188.155
18 17 -259905.318
19 17 -86.9190826
20 17 -68.5854901
21 17 0
28 17 -80319.3045
29 17 -132893.769
30 17 0
172 17 -62929.989
173 17 -28133.7208
174 17 0
13 18 0
14 18 0
15 18 -9681.72
16 18 -245638.215
17 18 -259905.318
18 18 444761.046
19 18 907.071138
20 18 268.798869
21 18 -9783.95
28 18 124552.651
29 18 205996.277
30 18 -587.012
172 18 120178.493
173 18 53640.242
174 18 -589.027
16 19 -357.39431
17 19 -86.9190826
18 19 907.071138
19 19 81052.3637
20 19 -115905.761
21 19 174894.782
22 19 -434.009882
23 19 -28.395502
24 19 0
8395 19 -80260.8775
8396 19 116021.075
8397 19 0
16 20 -86.9190826
17 20 -68.5854901
18 20 268.798869
19 20 -115905.761
20 20 167966.104
21 20 -252189.39
22 20 -28.395502
23 20 -46.514218
24 20 0
8395 20 116021.075
8396 20 -167850.922
8397 20 0
16 21 0
17 21 0
18 21 -9783.95
19 21 174894.782
20 21 -252189.39
21 21 408914.66
22 21 -530.353073
23 21 -15.7412119
24 21 -9785.49
8395 21 -174364.429
8396 21 252205.131
8397 21 -9716.76
19 22 -434.009882
20 22 -28.395502
21 22 -530.353073
22 22 1869318.46
23 22 740614.865
24 22 5680.88668
25 22 -357.784043
26 22 -86.2692344
27 22 0
46 22 -1592634.55
47 22 -605268.63
48 22 0
166 22 -275892.034
167 22 -135231.57
168 22 0
19 23 -28.395502
20 23 -46.514218
21 23 -15.7412119
22 23 740614.865
23 23 296533.61
24 23 -5596.47137
25 23 -86.2692344
26 23 -68.1962569
27 23 0
46 23 -605268.63
47 23 -230078.452
48 23 0
166 23 -135231.57
167 23 -66340.3661
168 23 0
19 24 0
20 24 0
21 24 -9785.49
22 24 5680.88668
23 24 -5596.47137
24 24 43286.7909
25 24 -272.188583
26 24 -97.3881702
27 24 -596.851
46 24 -75785.9186
47 24 -28801.6243
48 24 -9619.63
166 24 70377.2205
167 24 34495.4838
168 24 -1497.58
22 25 -357.784043
23 25 -86.2692344
24 25 -272.188583
25 25 760022.467
26 25 285526.487
27 25 -43201.5921
28 25 -208.785086
29 25 -168.629989
30 25 0
43 25 -11388.8045
44 25 80094.04
45 25 0
169 25 -748067.011
170 25 -365365.627
171 25 0
22 26 -86.2692344
23 26 -68.1962569
24 26 -97.3881702
25 26 285526.487
26 26 744334.938
27 26 -20784.9158
28 26 -168.629989
29 26 -217.475814
30 26 0
43 26 80094.04
44 26 -565545.196
45 26 0
169 26 -365365.627
170 26 -178503.989
171 26 0
22 27 0
23 27 0
24 27 -596.851
25 27 -43201.5921
26 27 -20784.9158
27 27 23340.3782
28 27 129.266115
29 27 126.391924
30 27 -9845.77
43 27 50.3616336
44 27 -356.019255
45 27 -586.753
169 27 43021.9643
170 27 21014.5431
171 27 -9750.41
16 28 -48604.6315
17 28 -80319.3045
18 28 124552.651
25 28 -208.785086
26 28 -168.629989
27 28 129.266115
28 28 49093.009
29 28 80636.0387
30 28 879.365257
31 28 -207.253676
32 28 -175.826192
33 28 0
370 28 -72.2567402
371 28 27.7220061
372 28 0
16 29 -80319.3045
17 29 -132893.769
18 29 205996.277
25 29 -168.629989
26 29 -217.475814
27 29 126.391924
28 29 80636.0387
29 29 133417.731
30 29 227.053312
31 29 -175.826192
32 29 -234.328424
33 29 0
370 29 27.7220061
371 29 -72.0763598
372 29 0
16 30 0
17 30 0
18 30 -587.012
25 30 0
26 30 0
27 30 -9845.77
28 30 879.365257
29 30 227.053312
30 30 25728.8539
31 30 -550.817865
32 30 -607.850122
33 30 -9546.23
370 30 -328.547391
371 30 380.796809
372 30 -1503.75
10 31 -381.356323
11 31 -95.752917
12 31 217.914909
28 31 -207.253676
29 31 -175.826192
30 31 -550.817865
31 31 827.679699
32 31 458.552323
33 31 202.348171
34 31 -238.987716
35 31 -186.973214
36 31 0
10 32 -95.752917
11 32 -71.6581772
12 32 78.9588144
28 32 -175.826192
29 32 -234.328424
30 32 -607.850122
31 32 458.552323
32 32 530.210671
33 32 198.362106
34 32 -186.973214
35 32 -224.142084
36 32 0
10 33 0
11 33 0
12 33 -1521.68
28 33 0
29 33 0
30 33 -9546.23
31 33 202.348171
32 33 198.362106
33 33 20711.1324
34 33 -202.348171
35 33 -198.362106
36 33 -9451.21
31 34 -238.987716
32 34 -186.973214
33 34 -202.348171
34 34 714.339355
35 34 530.389316
36 34 -104.789175
37 34 -244.246322
38 34 -177.674846
39 34 0
8287 34 -231.023332
8288 34 -165.741257
8289 34 0
31 35 -186.973214
32 35 -224.142084
33 35 -198.362106
34 35 530.389316
35 35 618.342015
36 35 -99.3369069
37 35 -177.674846
38 35 -202.442678
39 35 0
8287 35 -165.741257
8288 35 -191.675268
8289 35 0
31 36 0
32 36 0
33 36 -9451.21
34 36 -104.789175
35 36 -99.3369069
36 36 11306.565
37 36 319.457267
38 36 289.560549
39 36 -587.15
8287 36 -214.668091
8288 36 -190.223642
8289 36 -588.14
34 37 -244.246322
35 37 -177.674846
36 37 319.457267
37 37 951.847566
38 37 498.644117
39 37 241.002956
40 37 -316.897432
41 37 -157.069942
42 37 0
8269 37 -88.2843149
8270 37 -24.559537
8271 37 0
8362 37 -302.337512
8363 37 -139.339793
8364 37 0
34 38 -177.674846
35 38 -202.442678
36 38 289.560549
37 38 498.644117
38 38 515.453104
39 38 103.707932
40 38 -157.069942
41 38 -134.995668
42 38 0
8269 38 -24.559537
8270 38 -58.2029851
8271 38 0
8362 38 -139.339793
8363 38 -119.729788
8364 38 0
34 39 0
35 39 0
36 39 -587.15
37 39 241.002956
38 39 103.707932
39 39 21439.7956
40 39 324.382851
41 39 199.670494
42 39 -9677.63
8269 39 -215.71961
8270 39 -115.820776
8271 39 -589.57
8362 39 -349.666197
8363 39 -187.55765
8364 39 -9222.15
37 40 -316.897432
38 40 -157.069942
39 40 324.382851
40 40 687.66265
41 40 314.911002
42 40 -21.3911373
43 40 -370.683233
44 40 -157.84106
45 40 0
37 41 -157.069942
38 41 -134.995668
39 41 199.670494
40 41 314.911002
41 41 255.88892
42 41 -32.2545559
43 41 -157.84106
44 41 -120.811267
45 41 0
37 42 0
38 42 0
39 42 -9677.63
40 42 -21.3911373
41 42 -32.2545559
42 42 19637.1013
43 42 21.3911373
44 42 32.2545559
45 42 -9948.16
25 43 -11388.8045
26 43 80094.04
27 43 50.3616336
40 43 -370.683233
41 43 -157.84106
42 43 21.3911373
43 43 22418831.2
44 43 10175229
45 43 -1860609.37
46 43 -347.641423
47 43 -125.965832
48 43 0
169 43 -22084749.7
170 43 -10277322.3
171 43 0
8425 43 -321974.305
8426 43 22283.0883
8427 43 0
25 44 80094.04
26 44 -565545.196
27 44 -356.019255
40 44 -157.84106
41 44 -120.811267
42 44 32.2545559
43 44 10175229
44 44 5350040.78
45 44 -559735.964
46 44 -125.965832
47 44 -96.7780775
48 44 0
169 44 -10277322.3
170 44 -4782690.91
171 44 0
8425 44 22283.0883
8426 44 -1586.99537
8427 44 0
25 45 0
26 45 0
27 45 -586.753
40 45 0
41 45 0
42 45 -9948.16
43 45 -1860609.37
44 45 -559735.964
45 45 1114877.15
46 45 276.688889
47 45 134.800881
48 45 -9458.37
169 45 1287715.37
170 45 599251.127
171 45 -584.569
8425 45 572617.314
8426 45 -39649.964
8427 45 -587.247
22 46 -1592634.55
23 46 -605268.63
24 46 -75785.9186
43 46 -347.641423
44 46 -125.965832
45 46 276.688889
46 46 1593149.87
47 46 605172.475
48 46 -83.9447755
49 46 -88.4372822
50 46 113.138426
51 46 0
8401 46 -79.1584702
8402 46 108.982326
8403 46 0
22 47 -605268.63
23 47 -230078.452
24 47 -28801.6243
43 47 -125.965832
44 47 -96.7780775
45 47 134.800881
46 47 605172.475
47 47 230897.306
48 47 -48.743707
49 47 113.138426
50 47 -335.407818
51 47 0
8401 47 108.982326
8402 47 -386.58663
8403 47 0
22 48 0
23 48 0
24 48 -9619.63
43 48 0
44 48 0
45 48 -9458.37
46 48 -83.9447755
47 48 -48.743707
48 48 30086.2898
49 48 450.641341
50 48 -1165.10032
51 48 -1555.76
8401 48 -366.696565
8402 48 1213.84403
8403 48 -1515.44
46 49 -88.4372822
47 49 113.138426
48 49 450.641341
49 49 156.249097
50 49 -202.81878
51 49 -158.318269
52 49 -67.7298294
53 49 89.6803532
54 49 0
46 50 113.138426
47 50 -335.407818
48 50 -1165.10032
49 50 -202.81878
50 50 725.325974
51 50 569.680737
52 50 89.6803532
53 50 -389.836171
54 50 0
46 51 0
47 51 0
48 51 -1555.76
49 51 -158.318269
50 51 569.680737
51 51 11939.2793
52 51 158.318269
53 51 -569.680737
54 51 -9535.16
49 52 -67.7298294
50 52 89.6803532
51 52 158.318269
52 52 18765180
53 52 -5509895.8
54 52 20676629.4
55 52 -68.992252
56 52 94.9370655
57 52 0
8404 52 -18615668.4
8405 52 5652205.45
8406 52 0
8416 52 -149374.733
8417 52 -142494.268
8418 52 0
49 53 89.6803532
50 53 -389.836171
51 53 -569.680737
52 53 -5509895.8
53 53 1853029.07
54 53 -6247391.46
55 53 94.9370655
56 53 -411.606948
57 53 0
8404 53 5652205.45
8405 53 -1716211.58
8406 53 0
8416 53 -142494.268
8417 53 -136015.967
8418 53 0
49 54 0
50 54 0
51 54 -9535.16
52 54 20676629.4
53 54 -6247391.46
54 54 22947266
55 54 159.772125
56 54 -628.842378
57 54 -9773.91
8404 54 -20652924.8
8405 54 6270791.39
8406 54 -9448.03
8416 54 -23864.3599
8417 54 -22771.0882
8418 54 -588.05
52 55 -68.992252
53 55 94.9370655
54 55 159.772125
55 55 128.608178
56 55 -167.263945
57 55 -88.7882518
58 55 -59.5339408
59 55 72.32688
60 55 0
52 56 94.9370655
53 56 -411.606948
54 56 -628.842378
55 56 -167.263945
56 56 802.810292
57 56 442.16719
58 56 72.32688
59 56 -391.121359
60 56 0
52 57 0
53 57 0
54 57 -9773.91
55 57 -88.7882518
56 57 442.16719
57 57 20130.5553
58 57 88.7882518
59 57 -442.16719
60 57 -9855.62
55 58 -59.5339408
56 58 72.32688
57 58 88.7882518
58 58 220608.916
59 58 -460463.083
60 58 188323.642
61 58 -382.197215
62 58 -37.9794171
63 58 0
82 58 -219706.455
83 58 460476.99
84 58 0
7828 58 -46.0280819
7829 58 9.3688461
7830 58 0
7837 58 -414.619829
7838 58 -57.6237167
7839 58 0
55 59 72.32688
56 59 -391.121359
57 59 -442.16719
58 59 -460463.083
59 59 965933.549
60 59 -394448.275
61 59 -37.9794171
62 59 -48.7150852
63 59 0
82 59 460476.99
83 59 -965340.345
84 59 0
7828 59 9.3688461
7829 59 -99.8714181
7830 59 0
7837 59 -57.6237167
7838 59 -53.414471
7839 59 0
55 60 0
56 60 0
57 60 -9855.62
58 60 188323.642
59 60 -394448.275
60 60 178324.222
61 60 -272.859826
62 60 -20.1886744
63 60 -1551.08
82 60 -188335.541
83 60 394808.844
84 60 -1516.49
7828 60 23.0247029
7829 60 -376.463964
7830 60 -586.144
7837 60 261.734515
7838 60 36.0842575
7839 60 -1559.64
58 61 -382.197215
59 61 -37.9794171
60 61 -272.859826
61 61 776.246498
62 61 88.3697668
63 61 334.091857
64 61 -393.967298
65 61 -50.3903498
66 61 0
58 62 -37.9794171
59 62 -48.7150852
60 62 -20.1886744
61 62 88.3697668
62 62 100.506272
63 62 35.8320153
64 62 -50.3903498
65 62 -51.7092017
66 62 0
58 63 0
59 63 0
60 63 -1551.08
61 63 334.091857
62 63 35.8320153
63 63 11186.9501
64 63 -334.091857
65 63 -35.8320153
66 63 -9351.42
61 64 -393.967298
62 64 -50.3903498
63 64 -334.091857
64 64 1227.20299
65 64 159.931699
66 64 -81.4059151
67 64 -403.189319
68 64 -46.197035
69 64 0
79 64 -429.964388
80 64 -63.3443142
81 64 0
61 65 -50.3903498
62 65 -51.7092017
63 65 -35.8320153
64 65 159.931699
65 65 157.03708
66 65 -39.9834032
67 65 -46.197035
68 65 -50.3933811
69 65 0
79 65 -63.3443142
80 65 -54.8525123
81 65 0
61 66 0
62 66 0
63 66 -9351.42
64 66 -81.4059151
65 66 -39.9834032
66 66 20279.2983
67 66 -309.420437
68 66 -26.5907514
69 66 -9746.64
79 66 390.826352
80 66 66.5741546
81 66 -584.927
64 67 -403.189319
65 67 -46.197035
66 67 -309.420437
67 67 942.81514
68 67 19.5933166
69 67 651.934364
70 67 -402.498144
71 67 -46.6594195
72 67 0
7915 67 -137.045692
7916 67 73.2631378
7917 67 0
64 68 -46.197035
65 68 -50.3933811
66 68 -26.5907514
67 68 19.5933166
68 68 203.40853
69 68 -105.672066
70 68 -46.6594195
71 68 -50.5248556
72 68 0
7915 68 73.2631378
7916 68 -102.408308
7917 68 0
64 69 0
65 69 0
66 69 -9746.64
67 69 651.934364
68 69 -105.672066
69 69 21663.5231
70 69 -472.958393
71 69 -45.8984437
72 69 -9531.47
7915 69 -178.975971
7916 69 151.57051
7917 69 -1544.68
67 70 -402.498144
68 70 -46.6594195
69 70 -472.958393
70 70 796.151086
71 70 87.6398646
72 70 -376.189739
73 70 -393.570957
74 70 -40.9804451
75 70 0
67 71 -46.6594195
68 71 -50.5248556
69 71 -45.8984437
70 71 87.6398646
71 71 99.8615841
72 71 -62.8279113
73 71 -40.9804451
74 71 -49.2547434
75 71 0
67 72 0
68 72 0
69 72 -9531.47
70 72 -376.189739
71 72 -62.8279113
72 72 10487.0856
73 72 376.189739
74 72 62.8279113
75 72 -583.517
70 73 -393.570957
71 73 -40.9804451
72 73 376.189739
73 73 1181.2205
74 73 74.3476235
75 73 -32.0184462
76 73 -387.547923
77 73 -12.2870953
78 73 0
8374 73 -400.019637
8375 73 -21.0800831
8376 73 0
70 74 -40.9804451
71 74 -49.2547434
72 74 62.8279113
73 74 74.3476235
74 74 139.915368
75 74 -9.6070232
76 74 -12.2870953
77 74 -44.8844771
78 74 0
8374 74 -21.0800831
8375 74 -45.6941626
8376 74 0
70 75 0
71 75 0
72 75 -583.517
73 75 -32.0184462
74 75 -9.6070232
75 75 12776.2574
76 75 379.238387
77 75 -5.01941025
78 75 -9999.4
8374 75 -347.219941
8375 75 14.6264335
8376 75 -1489.92
73 76 -387.547923
74 76 -12.2870953
75 76 379.238387
76 76 762.167304
77 76 22.5669485
78 76 -362.065533
79 76 -374.537396
80 76 -10.2798532
81 76 0
73 77 -12.2870953
74 77 -44.8844771
75 77 -5.01941025
76 77 22.5669485
77 77 89.7310667
78 77 5.16970119
79 77 -10.2798532
80 77 -44.7646044
81 77 0
73 78 0
74 78 0
75 78 -9999.4
76 78 -362.065533
77 78 5.16970119
78 78 19921.1017
79 78 362.065533
80 78 -5.16970119
81 78 -9566.48
64 79 -429.964388
65 79 -63.3443142
66 79 390.826352
76 79 -374.537396
77 79 -10.2798532
78 79 362.065533
79 79 1211.89838
80 79 96.8685157
81 79 -229.891369
82 79 -407.314615
83 79 -23.2443483
84 79 0
64 80 -63.3443142
65 80 -54.8525123
66 80 66.5741546
76 80 -10.2798532
77 80 -44.7646044
78 80 -5.16970119
79 80 96.8685157
80 80 145.632487
81 80 -5.82728108
82 80 -23.2443483
83 80 -45.9333849
84 80 0
64 81 0
65 81 0
66 81 -584.927
76 81 0
77 81 0
78 81 -9566.48
79 81 -229.891369
80 81 -5.82728108
81 81 19877.1034
82 81 229.891369
83 81 5.82728108
84 81 -9594.67
58 82 -219706.455
59 82 460476.99
60 82 -188335.541
79 82 -407.314615
80 82 -23.2443483
81 82 229.891369
82 82 220163.996
83 82 -460499.286
84 82 36.9665922
85 82 -50.1436213
86 82 45.5395602
87 82 0
58 83 460476.99
59 83 -965340.345
60 83 394808.844
79 83 -23.2443483
80 83 -45.9333849
81 83 5.82728108
82 83 -460499.286
83 83 965794.694
84 83 -263.066499
85 83 45.5395602
86 83 -408.333779
87 83 0
58 84 0
59 84 0
60 84 -1516.49
79 84 0
80 84 0
81 84 -9594.67
82 84 36.9665922
83 84 -263.066499
84 84 12803.0421
85 84 -36.9665922
86 84 263.066499
87 84 -1521.03
82 85 -50.1436213
83 85 45.5395602
84 85 -36.9665922
85 85 249.485531
86 85 -160.536714
87 85 -174.475654
88 85 -47.7307966
89 85 32.8593103
90 85 0
7837 85 -151.529128
7838 85 82.1378431
7839 85 0
82 86 45.5395602
83 86 -408.333779
84 86 263.066499
85 86 -160.536714
86 86 888.855439
87 86 -245.238066
88 86 32.8593103
89 86 -372.991803
90 86 0
7837 86 82.1378431
7838 86 -107.447872
7839 86 0
82 87 0
83 87 0
84 87 -1521.03
85 87 -174.475654
86 87 -245.238066
87 87 12815.0745
88 87 -48.533781
89 87 427.315204
90 87 -8888.39
7837 87 223.009435
7838 87 -182.077138
7839 87 -1525.66
85 88 -47.7307966
86 88 32.8593103
87 88 -48.533781
88 88 147.953377
89 88 -75.8033224
90 88 -47.018712
91 88 -46.661726
92 88 27.6124156
93 88 0
7837 88 -53.4788696
7838 88 15.3315966
7839 88 0
85 89 32.8593103
86 89 -372.991803
87 89 427.315204
88 89 -75.8033224
89 89 831.847293
90 89 -304.140477
91 89 27.6124156
92 89 -388.311174
93 89 0
7837 89 15.3315966
7838 89 -70.4623304
7839 89 0
85 90 0
86 90 0
87 90 -8888.39
88 90 -47.018712
89 90 -304.140477
90 90 20784.9167
91 90 -48.6304874
92 90 470.086275
93 90 -9331.48
7837 90 95.6491994
7838 90 -165.945798
7839 90 -1529.19
88 91 -46.661726
89 91 27.6124156
90 91 -48.6304874
91 91 136.08178
92 91 -44.9942359
93 91 15.8039978
94 91 -44.5535824
95 91 6.29015147
96 91 0
8404 91 -44.7844866
8405 91 11.0916688
8406 91 0
88 92 27.6124156
89 92 -388.311174
90 92 470.086275
91 92 -44.9942359
92 92 1201.56449
93 92 -166.218689
94 92 6.29015147
95 92 -406.885818
96 92 0
8404 92 11.0916688
8405 92 -406.285513
8406 92 0
88 93 0
89 93 0
90 93 -9331.48
91 93 15.8039978
92 93 -166.218689
93 93 19593.6055
94 93 5.6278828
95 93 289.685519
96 93 -9415.13
8404 93 -21.4318806
8405 93 -123.466831
8406 93 -587.022
91 94 -44.5535824
92 94 6.29015147
93 94 5.6278828
94 94 465.298737
95 94 12.3437377
96 94 -660.14407
97 94 -420.663169
98 94 -18.6338891
99 94 0
91 95 6.29015147
92 95 -406.885818
93 95 289.685519
94 95 12.3437377
95 95 452.335134
96 95 -25.1378038
97 95 -18.6338891
98 95 -45.3673309
99 95 0
91 96 0
92 96 0
93 96 -9415.13
94 96 -660.14407
95 96 -25.1378038
96 96 11966.0401
97 96 660.14407
98 96 25.1378038
99 96 -1514.49
94 97 -420.663169
95 97 -18.6338891
96 97 660.14407
97 97 785.044203
98 97 52.8995998
99 97 -299.222862
100 97 -364.299048
101 97 -34.2657107
102 97 0
94 98 -18.6338891
95 98 -45.3673309
96 98 25.1378038
97 98 52.8995998
98 98 93.5645678
99 98 -21.3491007
100 98 -34.2657107
101 98 -48.1152516
102 98 0
94 99 0
95 99 0
96 99 -1514.49
97 99 -299.222862
98 99 -21.3491007
99 99 11335.2122
100 99 299.222862
101 99 21.3491007
102 99 -9573.84
97 100 -364.299048
98 100 -34.2657107
99 100 299.222862
100 100 762.922117
101 100 90.0391461
102 100 82.9926915
103 100 -398.541083
104 100 -55.7734354
105 100 0
97 101 -34.2657107
98 101 -48.1152516
99 101 21.3491007
100 101 90.0391461
101 101 101.426554
102 101 18.8591202
103 101 -55.7734354
104 101 -53.2293169
105 101 0
97 102 0
98 102 0
99 102 -9573.84
100 102 82.9926915
101 102 18.8591202
102 102 18788.6
103 102 -82.9926915
104 102 -18.8591202
105 102 -9196.24
100 103 -398.541083
101 103 -55.7734354
102 103 -82.9926915
103 103 520765.604
104 103 -550915.712
105 103 -295827.286
106 103 -393.907704
107 103 -55.9797158
108 103 0
7849 103 -43.7004854
7850 103 -1.54740594
7851 103 0
7861 103 -519929.373
7862 103 551029.013
7863 103 0
100 104 -55.7734354
101 104 -53.2293169
102 104 -18.8591202
103 104 -550915.712
104 104 584230.576
105 104 312909.028
106 104 -55.9797158
107 104 -53.4116957
108 104 0
7849 104 -1.54740594
7850 104 -41.2257146
7851 104 0
7861 104 551029.013
7862 104 -584082.627
7863 104 0
100 105 0
101 105 0
102 105 -9196.24
103 105 -295827.286
104 105 312909.028
105 105 189729.727
106 105 539.796216
107 105 83.2918779
108 105 -9717.89
7849 105 77.256905
7850 105 -95.5039048
7851 105 -1492.61
7861 105 295210.233
7862 105 -312896.816
7863 105 -585.396
103 106 -393.907704
104 106 -55.9797158
105 106 539.796216
106 106 496.813575
107 106 -41.736001
108 106 39.6442677
109 106 -52.1875032
110 106 52.1284585
111 106 0
7855 106 -50.6363822
7856 106 45.5872583
7857 106 0
103 107 -55.9797158
104 107 -53.4116957
105 107 83.2918779
106 107 -41.736001
107 107 828.955695
108 107 -220.240994
109 107 52.1284585
110 107 -395.387397
111 107 0
7855 107 45.5872583
7856 107 -380.074618
7857 107 0
103 108 0
104 108 0
105 108 -9717.89
106 108 39.6442677
107 108 -220.240994
108 108 13926.1524
109 108 -93.0197037
110 108 585.49423
111 108 -1485.96
7855 108 53.375436
7856 108 -365.253236
7857 108 -1496.65
106 109 -52.1875032
107 109 52.1284585
108 109 -93.0197037
109 109 115.27223
110 109 -130.739316
111 109 118.508773
112 109 -63.0027418
113 109 78.6108577
114 109 0
106 110 52.1284585
107 110 -395.387397
108 110 585.49423
109 110 -130.739316
110 110 772.90094
111 110 -431.913927
112 110 78.6108577
113 110 -377.431558
114 110 0
106 111 0
107 111 0
108 111 -1485.96
109 111 118.508773
110 111 -431.913927
111 111 11934.7836
112 111 -118.508773
113 111 431.913927
114 111 -9937
109 112 -63.0027418
110 112 78.6108577
111 112 -118.508773
112 112 170.617061
113 112 -141.120643
114 112 254.195479
115 112 -60.7759859
116 112 71.1636913
117 112 0
7861 112 -46.7563486
7862 112 -8.65390559
7863 112 0
109 113 78.6108577
110 113 -377.431558
111 113 431.913927
112 113 -141.120643
113 113 808.888009
114 113 -674.983584
115 113 71.1636913
116 113 -354.536414
117 113 0
7861 113 -8.65390559
7862 113 -76.8380514
7863 113 0
109 114 0
110 114 0
111 114 -9937
112 114 254.195479
113 114 -674.983584
114 114 23806.8897
115 114 -222.397639
116 114 899.117339
117 114 -9383.62
7861 114 -31.79784
7862 114 -224.133755
7863 114 -1513.46
112 115 -60.7759859
113 115 71.1636913
114 115 -222.397639
115 115 152.646804
116 115 -102.909541
117 115 41.1899972
118 115 -47.3455072
119 115 31.7593479
120 115 0
7858 115 -44.4433258
7859 115 -0.0134980302
7860 115 0
112 116 71.1636913
113 116 -354.536414
114 116 899.117339
115 116 -102.909541
116 116 791.022166
117 116 -991.809714
118 116 31.7593479
119 116 -392.127493
120 116 0
7858 116 -0.0134980302
7859 116 -44.2762742
7860 116 0
112 117 0
113 117 0
114 117 -9383.62
115 117 41.1899972
116 117 -991.809714
117 117 33769.3567
118 117 -126.184522
119 117 1220.21168
120 117 -9461.49
7858 117 84.9945246
7859 117 -228.401967
7860 117 -9769.39
115 118 -47.3455072
116 118 31.7593479
117 118 -126.184522
118 118 244304.301
119 118 79846.1341
120 118 2352097.7
121 118 -389.381117
122 118 86.2544332
123 118 0
310 118 -243867.492
311 118 -79964.1479
312 118 0
115 119 31.7593479
116 119 -392.127493
117 119 1220.21168
118 119 79846.1341
119 119 26727.8301
120 119 771926.758
121 119 86.2544332
122 119 -66.0130826
123 119 0
310 119 -79964.1479
311 119 -26269.6075
312 119 0
115 120 0
116 120 0
117 120 -9461.49
118 120 2352097.7
119 120 771926.758
120 120 22715236.9
121 120 797.4747
122 120 -231.649588
123 120 -1503
310 120 -2352895.18
311 120 -771695.108
312 120 -585.265
118 121 -389.381117
119 121 86.2544332
120 121 797.4747
121 121 811.330637
122 121 22.2796721
123 121 346.200274
124 121 -376.83472
125 121 -108.313719
126 121 0
154 121 -45.0328145
155 121 -0.220386532
156 121 0
118 122 86.2544332
119 122 -66.0130826
120 122 -231.649588
121 122 22.2796721
122 122 190.361934
123 122 161.437394
124 122 -108.313719
125 122 -79.7398803
126 122 0
154 122 -0.220386532
155 122 -44.5269855
156 122 0
118 123 0
119 123 0
120 123 -1503
121 123 346.200274
122 123 161.437394
123 123 12725.9876
124 123 -184.976767
125 123 -71.8889732
126 123 -9781.95
154 123 -161.223507
155 123 -89.548421
156 123 -588.808
121 124 -376.83472
122 124 -108.313719
123 124 -184.976767
124 124 709.336159
125 124 245.22314
126 124 419.011047
127 124 -332.419454
128 124 -136.909422
129 124 0
121 125 -108.313719
122 125 -79.7398803
123 125 -71.8889732
124 125 245.22314
125 125 189.355912
126 125 195.346371
127 125 -136.909422
128 125 -109.534046
129 125 0
121 126 0
122 126 0
123 126 -9781.95
124 126 419.011047
125 126 195.346371
126 126 19745.0293
127 126 -419.011047
128 126 -195.346371
129 126 -9425.08
124 127 -332.419454
125 127 -136.909422
126 127 -419.011047
127 127 662.90246
128 127 288.742438
129 127 441.753699
130 127 -330.401021
131 127 -151.833016
132 127 0
124 128 -136.909422
125 128 -109.534046
126 128 -195.346371
127 128 288.742438
128 128 234.67851
129 128 226.421385
130 128 -151.833016
131 128 -125.062479
132 128 0
124 129 0
125 129 0
126 129 -9425.08
127 129 441.753699
128 129 226.421385
129 129 19560.2649
130 129 -441.753699
131 129 -226.421385
132 129 -9534.55
127 130 -330.401021
128 130 -151.833016
129 130 -441.753699
130 130 1439.51445
131 130 485.861704
132 130 1197.64513
133 130 -315.948825
134 130 -166.062752
135 130 0
205 130 -297.691654
206 130 -164.482408
207 130 0
8455 130 -311.88595
8456 130 -165.017344
8457 130 0
8461 130 -124.731387
8462 130 137.526629
8463 130 0
8464 130 -58.7736277
8465 130 24.0071867
8466 130 0
127 131 -151.833016
128 131 -125.062479
129 131 -226.421385
130 131 485.861704
131 131 933.383221
132 131 465.319824
133 131 -166.062752
134 131 -146.014975
135 131 0
205 131 -164.482408
206 131 -151.274646
207 131 0
8455 131 -165.017344
8456 131 -146.26385
8457 131 0
8461 131 137.526629
8462 131 -280.019013
8463 131 0
8464 131 24.0071867
8465 131 -84.6662723
8466 131 0
127 132 0
128 132 0
129 132 -9534.55
130 132 1197.64513
131 132 465.319824
132 132 34401.9277
133 132 -422.846428
134 132 -255.828455
135 132 -9769.21
205 132 -278.621165
206 132 -148.303007
207 132 -9978.81
8455 132 -367.620655
8456 132 -251.556957
8457 132 -589.607
8461 132 -76.9161176
8462 132 108.976434
8463 132 -1527.07
8464 132 -51.6407658
8465 132 81.3921612
8466 132 -1521.74
130 133 -315.948825
131 133 -166.062752
132 133 -422.846428
133 133 624.074086
134 133 323.817892
135 133 617.415237
136 133 -308.043275
137 133 -157.75514
138 133 0
130 134 -166.062752
131 134 -146.014975
132 134 -255.828455
133 134 323.817892
134 134 284.952585
135 134 363.23696
136 134 -157.75514
137 134 -138.855625
138 134 0
130 135 0
131 135 0
132 135 -9769.21
133 135 617.415237
134 135 363.23696
135 135 20747.3533
136 135 -617.415237
137 135 -363.23696
138 135 -9702.45
133 136 -308.043275
134 136 -157.75514
135 136 -617.415237
136 136 114124.361
137 136 694108.812
138 136 -889915.213
139 136 -279.188535
140 136 -166.979678
141 136 0
208 136 -113537.047
209 136 -693784.078
210 136 0
133 137 -157.75514
134 137 -138.855625
135 137 -363.23696
136 137 694108.812
137 137 4241445.11
138 137 -5440963.68
139 137 -166.979678
140 137 -163.221565
141 137 0
208 137 -693784.078
209 137 -4241142.95
210 137 0
133 138 0
134 138 0
135 138 -9702.45
136 138 -889915.213
137 138 -5440963.68
138 138 7010217.97
139 138 -183.512831
140 138 -153.233893
141 138 -9793.22
208 138 890098.726
209 138 5441116.91
210 138 -9957.42
136 139 -279.188535
137 139 -166.979678
138 139 -183.512831
139 139 558.482364
140 139 335.259656
141 139 428.783078
142 139 -279.211844
143 139 -168.279978
144 139 0
136 140 -166.979678
137 140 -163.221565
138 140 -153.233893
139 140 335.259656
140 140 328.370206
141 140 320.174314
142 140 -168.279978
143 140 -165.066656
144 140 0
136 141 0
137 141 0
138 141 -9793.22
139 141 428.783078
140 141 320.174314
141 141 20145.8984
142 141 -428.783078
143 141 -320.174314
144 141 -9634.21
139 142 -279.211844
140 142 -168.279978
141 142 -428.783078
142 142 808.598341
143 142 543.741025
144 142 -424.990627
145 142 -280.817365
146 142 -196.024147
147 142 0
193 142 -248.487148
194 142 -179.436899
195 142 0
139 143 -168.279978
140 143 -165.066656
141 143 -320.174314
142 143 543.741025
143 143 574.398829
144 143 -348.111077
145 143 -196.024147
146 143 -207.007335
147 143 0
193 143 -179.436899
194 143 -202.242852
195 143 0
139 144 0
140 144 0
141 144 -9634.21
142 144 -424.990627
143 144 -348.111077
144 144 11893.7294
145 144 527.821785
146 144 424.933445
147 144 -590.911
193 144 -102.831158
194 144 -76.8223682
195 144 -588.32
142 145 -280.817365
143 145 -196.024147
144 145 527.821785
145 145 20549.2337
146 145 66789.3018
147 145 16002.203
148 145 -263.660117
149 145 -164.022157
150 145 0
8449 145 -20004.6743
8450 145 -66429.2555
8451 145 0
142 146 -196.024147
143 146 -207.007335
144 146 424.933445
145 146 66789.3018
146 146 221504.985
147 146 54067.987
148 146 -164.022157
149 146 -167.169583
150 146 0
8449 146 -66429.2555
8450 146 -221130.726
8451 146 0
142 147 0
143 147 0
144 147 -590.911
145 147 16002.203
146 147 54067.987
147 147 33272.1922
148 147 320.010661
149 147 241.447257
150 147 -9823.69
8449 147 -16322.2137
8450 147 -54309.4343
8451 147 -9102.13
145 148 -263.660117
146 148 -164.022157
147 148 320.010661
148 148 531.498217
149 148 327.62566
150 148 -222.141073
151 148 -267.756115
152 148 -163.603502
153 148 0
145 149 -164.022157
146 149 -167.169583
147 149 241.447257
148 149 327.62566
149 149 331.555853
150 149 -167.889816
151 149 -163.603502
152 149 -164.304285
153 149 0
145 150 0
146 150 0
147 150 -9823.69
148 150 -222.141073
149 150 -167.889816
150 150 19651.0919
151 150 222.141073
152 150 167.889816
153 150 -9626.95
148 151 -267.756115
149 151 -163.603502
150 151 222.141073
151 151 284327.581
152 151 -190918.416
153 151 -105005.616
154 151 -265.633454
155 151 -145.372415
156 151 0
7885 151 -283794.11
7886 151 191227.392
7887 151 0
148 152 -163.603502
149 152 -164.304285
150 152 167.889816
151 152 -190918.416
152 152 129222.864
153 152 70624.8745
154 152 -145.372415
155 152 -139.987746
156 152 0
7885 152 191227.392
7886 152 -128918.49
7887 152 0
148 153 0
149 153 0
150 153 -9626.95
151 153 -105005.616
152 153 70624.8745
153 153 59021.9012
154 153 103.368989
155 153 76.3237382
156 153 -9972.82
7885 153 104902.247
7886 153 -70701.1983
7887 153 -595.372
121 154 -45.0328145
122 154 -0.220386532
123 154 -161.223507
151 154 -265.633454
152 154 -145.372415
153 154 103.368989
154 154 568.889217
155 154 -153.045695
156 154 -589.028599
157 154 -134.654166
158 154 158.392109
159 154 0
7879 154 -123.486797
7880 154 140.246387
7881 154 0
121 155 -0.220386532
122 155 -44.5269855
123 155 -89.548421
151 155 -145.372415
152 155 -139.987746
153 155 76.3237382
154 155 -153.045695
155 155 800.435554
156 155 1072.72474
157 155 158.392109
158 155 -322.552434
159 155 0
7879 155 140.246387
7880 155 -293.286403
7881 155 0
121 156 0
122 156 0
123 156 -588.808
151 156 0
152 156 0
153 156 -9972.82
154 156 -589.028599
155 156 1072.72474
156 156 15466.9425
157 156 317.217316
158 156 -584.118281
159 156 -1524.7
7879 156 271.811283
7880 156 -488.606455
7881 156 -1466.69
154 157 -134.654166
155 157 158.392109
156 157 317.217316
157 157 717314.582
158 157 1227744.53
159 157 -355067.72
160 157 -124.068079
161 157 141.770387
162 157 0
7879 157 -716946.588
7880 157 -1228176.29
7881 157 0
7882 157 -109.189073
7883 157 131.601538
7884 157 0
154 158 158.392109
155 158 -322.552434
156 158 -584.118281
157 158 1227744.53
158 158 2105055.85
159 158 -608427.073
160 158 141.770387
161 158 -296.867321
162 158 0
7879 158 -1228176.29
7880 158 -2104124.41
7881 158 0
7882 158 131.601538
7883 158 -311.941227
7884 158 0
154 159 0
155 159 0
156 159 -1524.7
157 159 -355067.72
158 159 -608427.073
159 159 189569.725
160 159 189.761302
161 159 -371.149703
162 159 -9834.07
7879 159 355096.723
7880 159 608340.602
7881 159 -588.602
7882 159 -218.764671
7883 159 457.62074
7884 159 -588.277
157 160 -124.068079
158 160 141.770387
159 160 189.761302
160 160 258.459584
161 160 -300.184111
162 160 -27.261746
163 160 -134.309519
164 160 158.413724
165 160 0
157 161 141.770387
158 161 -296.867321
159 161 -371.149703
160 161 -300.184111
161 161 620.644587
162 161 69.0924797
163 161 158.413724
164 161 -323.695281
165 161 0
157 162 0
158 162 0
159 162 -9834.07
160 162 -27.261746
161 162 69.0924797
162 162 19263.1056
163 162 27.261746
164 162 -69.0924797
165 162 -9413.45
160 163 -134.309519
161 163 158.413724
162 163 27.261746
163 163 381.675935
164 163 -459.783385
165 163 320.098734
166 163 -117.417538
167 163 141.152396
168 163 0
7876 163 -129.866893
7877 163 160.217265
7878 163 0
160 164 158.413724
161 164 -323.695281
162 164 -69.0924797
163 164 -459.783385
164 164 986.199535
165 164 -604.494354
166 164 141.152396
167 164 -317.476362
168 164 0
7876 164 160.217265
7877 164 -344.945907
7878 164 0
160 165 0
161 165 0
162 165 -9413.45
163 165 320.098734
164 165 -604.494354
165 165 21240.6797
166 165 -346.365044
167 165 635.34128
168 165 -9884.06
7876 165 26.2663098
7877 165 -30.8469259
7878 165 -591.626
22 166 -275892.034
23 166 -135231.57
24 166 70377.2205
163 166 -117.417538
164 166 141.152396
165 166 -346.365044
166 166 418961.875
167 166 -214361.468
168 166 3472733.75
169 166 -335.078629
170 166 -149.792989
171 166 0
322 166 -142617.263
323 166 349601.678
324 166 0
22 167 -135231.57
23 167 -66340.3661
24 167 34495.4838
163 167 141.152396
164 167 -317.476362
165 167 635.34128
166 167 -214361.468
167 167 924079.47
168 167 -8514417.74
169 167 -149.792989
170 167 -121.647871
171 167 0
322 167 349601.678
323 167 -857299.897
324 167 0
22 168 0
23 168 0
24 168 -1497.58
163 168 0
164 168 0
165 168 -9884.06
166 168 3472733.75
167 168 -8514417.74
168 168 84580690.5
169 168 -368.058349
170 168 -198.426732
171 168 -1510.68
322 168 -3472365.69
323 168 8514616.17
324 168 -587.286
25 169 -748067.011
26 169 -365365.627
27 169 43021.9643
43 169 -22084749.7
44 169 -10277322.3
45 169 1287715.37
166 169 -335.078629
167 169 -149.792989
168 169 -368.058349
169 169 22833358.3
170 169 10643003.6
171 169 37.2643569
172 169 -206.408267
173 169 -165.838133
174 169 0
25 170 -365365.627
26 170 -178503.989
27 170 21014.5431
43 170 -10277322.3
44 170 -4782690.91
45 170 599251.127
166 170 -149.792989
167 170 -121.647871
168 170 -198.426732
169 170 10643003.6
170 170 4961530.88
171 170 73.2621373
172 170 -165.838133
173 170 -214.249633
174 170 0
25 171 0
26 171 0
27 171 -9750.41
43 171 0
44 171 0
45 171 -584.569
166 171 0
167 171 0
168 171 -1510.68
169 171 37.2643569
170 171 73.2621373
171 171 21544.857
172 171 -37.2643569
173 171 -73.2621373
174 171 -9669.22
16 172 -141030.009
17 172 -62929.989
18 172 120178.493
169 172 -206.408267
170 172 -165.838133
171 172 -37.2643569
172 172 141439.273
173 172 63278.5155
174 172 125.49115
175 172 -202.773215
176 172 -182.688359
177 172 0
16 173 -62929.989
17 173 -28133.7208
18 173 53640.242
169 173 -165.838133
170 173 -214.249633
171 173 -73.2621373
172 173 63278.5155
173 173 28603.2927
174 173 189.935595
175 173 -182.688359
176 173 -255.240285
177 173 0
16 174 0
17 174 0
18 174 -589.027
169 174 0
170 174 0
171 174 -9669.22
172 174 125.49115
173 174 189.935595
174 174 20110.8664
175 174 -125.49115
176 174 -189.935595
177 174 -9709.68
172 175 -202.773215
173 175 -182.688359
174 175 -125.49115
175 175 364.833707
176 175 347.070032
177 175 -230.724345
178 175 -161.978506
179 175 -164.381673
180 175 0
172 176 -182.688359
173 176 -255.240285
174 176 -189.935595
175 176 347.070032
176 176 529.668863
177 176 -265.788141
178 176 -164.381673
179 176 -274.346594
180 176 0
172 177 0
173 177 0
174 177 -9709.68
175 177 -230.724345
176 177 -265.788141
177 177 19961.6994
178 177 230.724345
179 177 265.788141
180 177 -9913.98
175 178 -161.978506
176 178 -164.381673
177 178 230.724345
178 178 463.141918
179 178 10.7430593
180 178 690.346595
181 178 -301.081426
182 178 153.638613
183 178 0
175 179 -164.381673
176 179 -274.346594
177 179 265.788141
178 179 10.7430593
179 179 410.850452
180 179 -426.27431
181 179 153.638613
182 179 -136.421874
183 179 0
175 180 0
176 180 0
177 180 -9913.98
178 180 690.346595
179 180 -426.27431
180 180 13133.5238
181 180 -690.346595
182 180 426.27431
183 180 -1542.2
178 181 -301.081426
179 181 153.638613
180 181 -690.346595
181 181 176905.288
182 181 143739.592
183 181 368518.449
184 181 -404.018502
185 181 26.8647555
186 181 0
8191 181 -176200.106
8192 181 -143920.096
8193 181 0
178 182 153.638613
179 182 -136.421874
180 182 426.27431
181 182 143739.592
182 182 117809.849
183 182 300502.604
184 182 26.8647555
185 182 -46.4515982
186 182 0
8191 182 -143920.096
8192 182 -117626.894
8193 182 0
178 183 0
179 183 0
180 183 -1542.2
181 183 368518.449
182 183 300502.604
183 183 781137.538
184 183 -592.248697
185 183 67.5051655
186 183 -9821.06
8191 183 -367926.2
8192 183 -300570.109
8193 183 -583.928
181 184 -404.018502
182 184 26.8647555
183 184 -592.248697
184 184 56178.1979
185 184 -292537.473
186 184 -314878.961
187 184 -414.265621
188 184 -22.634364
189 184 0
8212 184 -55359.8318
8213 184 292533.243
8214 184 0
181 185 26.8647555
182 185 -46.4515982
183 185 67.5051655
184 185 -292537.473
185 185 1547188.33
186 185 1667539.34
187 185 -22.634364
188 185 -45.8297786
189 185 0
8212 185 292533.243
8213 185 -1547095.97
8214 185 0
181 186 0
182 186 0
183 186 -9821.06
184 186 -314878.961
185 186 1667539.34
186 186 1817742.91
187 186 -423.252074
188 186 0.554466907
189 186 -9522.58
8212 186 315302.213
8213 186 -1667539.9
8214 186 -593.015
184 187 -414.265621
185 187 -22.634364
186 187 -423.252074
187 187 782.85543
188 187 112.478464
189 187 22.1516781
190 187 -368.507823
191 187 -89.8441003
192 187 0
184 188 -22.634364
185 188 -45.8297786
186 188 0.554466907
187 188 112.478464
188 188 115.264841
189 188 -22.9977898
190 188 -89.8441003
191 188 -69.353077
192 188 0
184 189 0
185 189 0
186 189 -9522.58
187 189 22.1516781
188 189 -22.9977898
189 189 19393.6203
190 189 -22.1516781
191 189 22.9977898
192 189 -9852.63
187 190 -368.507823
188 190 -89.8441003
189 190 -22.1516781
190 190 968544.873
191 190 -1146167.43
192 190 -1015890.08
193 190 -117.877496
194 190 144.196897
195 190 0
637 190 -926437.683
638 190 991563.227
639 190 18779579.8
7894 190 -41620.7227
7895 190 154549.853
7896 190 0
187 191 -89.8441003
188 191 -69.353077
189 191 22.9977898
190 191 -1146167.43
191 191 1636307.48
192 191 3775896.25
193 191 144.196897
194 191 -327.596704
195 191 0
637 191 991563.227
638 191 -1061362.27
639 191 -20100688.6
7894 191 154549.853
7895 191 -574548.177
7896 191 0
187 192 0
188 192 0
189 192 -9852.63
190 192 -1015890.08
191 192 3775896.25
192 192 24828799.7
193 192 418.225151
194 192 -838.596216
195 192 -1541.02
637 192 0
638 192 0
639 192 -9753.94
7894 192 1015471.85
7895 192 -3775057.66
7896 192 -1517.39
142 193 -248.487148
143 193 -179.436899
144 193 -102.831158
190 193 -117.877496
191 193 144.196897
192 193 418.225151
193 193 452.332497
194 193 143.976241
195 193 -291.010809
196 193 -85.8858687
197 193 -108.736239
