1.0 2.05217e-15 0.0 -3.66994e-12 -2.05217e-15 1.0 -0.0 -1.04612e-12 -0.0 0.0 1.0 0
0.9999944288831729 -0.0033379938012017083 0.0 0.686993 0.0033379938012017083 0.9999944288831729 0.0 -0.002361 0.0 0.0 1.0 0
0.9999713098246887 -0.00757492755716878 0.0 1.38466 0.00757492755716878 0.9999713098246887 0.0 -0.00760622 0.0 0.0 1.0 0
0.9999302627605622 -0.011809725466457716 0.0 2.09522 0.011809725466457716 0.9999302627605622 0.0 -0.00679972 0.0 0.0 1.0 0
0.9998591184100614 -0.01678521171313991 0.0 2.82723 0.01678521171313991 0.9998591184100614 0.0 -0.00832709 0.0 0.0 1.0 0
0.9997755215384327 -0.021187414484897436 0.0 3.56939 0.021187414484897436 0.9997755215384327 0.0 -0.00218683 0.0 0.0 1.0 0
0.9996677657562288 -0.025775145158652684 0.0 4.3356 0.025775145158652684 0.9996677657562288 0.0 0.00467264 0.0 0.0 1.0 0
0.9995230962985115 -0.03088009012027776 0.0 5.1062 0.03088009012027776 0.9995230962985115 0.0 0.014092 0.0 0.0 1.0 0
0.9993801215801308 -0.0352047239796447 0.0 5.90126 0.0352047239796447 0.9993801215801308 0.0 0.0279603 0.0 0.0 1.0 0
0.999209635574103 -0.039750524221300314 0.0 6.70132 0.039750524221300314 0.999209635574103 0.0 0.0506284 0.0 0.0 1.0 0
0.9990760722588091 -0.04297675929977618 0.0 7.51717 0.04297675929977618 0.9990760722588091 0.0 0.0741465 0.0 0.0 1.0 0
0.9989522330399068 -0.045765009609785814 0.0 8.33821 0.045765009609785814 0.9989522330399068 0.0 0.101083 0.0 0.0 1.0 0
0.9988459169009756 -0.048029514782572766 0.0 9.16513 0.048029514782572766 0.9988459169009756 0.0 0.132339 0.0 0.0 1.0 0
0.9987682377956154 -0.049618617177839316 0.0 9.99736 0.049618617177839316 0.9987682377956154 0.0 0.169263 0.0 0.0 1.0 0
0.9986570225937511 -0.05180879485361547 0.0 10.836 0.05180879485361547 0.9986570225937511 0.0 0.204015 0.0 0.0 1.0 0
0.9985736512629841 -0.0533916004940106 0.0 11.6902 0.0533916004940106 0.9985736512629841 0.0 0.248022 0.0 0.0 1.0 0
0.9984742174080323 -0.055219898328568946 0.0 12.5491 0.055219898328568946 0.9984742174080323 0.0 0.284021 0.0 0.0 1.0 0
0.9983964405899869 -0.05660872209514063 0.0 13.4125 0.05660872209514063 0.9983964405899869 0.0 0.32408 0.0 0.0 1.0 0
0.9983055780852685 -0.05818911207294561 0.0 14.2891 0.05818911207294561 0.9983055780852685 0.0 0.360849 0.0 0.0 1.0 0
0.9982618322908569 -0.058934830035397526 0.0 15.1822 0.058934830035397526 0.9982618322908569 0.0 0.403251 0.0 0.0 1.0 0
0.9981721257336443 -0.06043515043728939 0.0 16.0837 0.06043515043728939 0.9981721257336443 0.0 0.453924 0.0 0.0 1.0 0
0.9980865383421477 -0.0618325317303814 0.0 16.9802 0.0618325317303814 0.9980865383421477 0.0 0.50031 0.0 0.0 1.0 0
0.9980024708304309 -0.06317490179141506 0.0 17.8928 0.06317490179141506 0.9980024708304309 0.0 0.557219 0.0 0.0 1.0 0
0.9978993362564627 -0.06478359899628298 0.0 18.8118 0.06478359899628298 0.9978993362564627 0.0 0.609131 0.0 0.0 1.0 0
0.997804880841287 -0.06622250198614404 0.0 19.7266 0.06622250198614404 0.997804880841287 0.0 0.669743 0.0 0.0 1.0 0
0.9977602209194636 -0.06689201410290495 0.0 20.6593 0.06689201410290495 0.9977602209194636 0.0 0.733193 0.0 0.0 1.0 0
0.9977555360339676 -0.06696185715442682 0.0 21.5782 0.06696185715442682 0.9977555360339676 0.0 0.793896 0.0 0.0 1.0 0
0.9978159260851772 -0.06605586764837844 0.0 22.5078 0.06605586764837844 0.9978159260851772 0.0 0.849613 0.0 0.0 1.0 0
0.9979118209056153 -0.064591003219019 0.0 23.4589 0.064591003219019 0.9979118209056153 0.0 0.906856 0.0 0.0 1.0 0
0.9980138891398133 -0.06299426231034458 0.0 24.4011 0.06299426231034458 0.9980138891398133 0.0 0.964757 0.0 0.0 1.0 0
0.9981129726530255 -0.06140434692870597 0.0 25.3462 0.06140434692870597 0.9981129726530255 0.0 1.02029 0.0 0.0 1.0 0
0.9981749046944973 -0.06038923445558146 0.0 26.2969 0.06038923445558146 0.9981749046944973 0.0 1.07332 0.0 0.0 1.0 0
0.9982438107363216 -0.05923929714831943 0.0 27.2552 0.05923929714831943 0.9982438107363216 0.0 1.12821 0.0 0.0 1.0 0
0.998277238953807 -0.05867328341556834 0.0 28.2261 0.05867328341556834 0.998277238953807 0.0 1.18684 0.0 0.0 1.0 0
0.9982572913496014 -0.05901169602169566 0.0 29.2032 0.05901169602169566 0.9982572913496014 0.0 1.24549 0.0 0.0 1.0 0
0.9981993404554346 -0.05998397047824917 0.0 30.1775 0.05998397047824917 0.9981993404554346 0.0 1.30793 0.0 0.0 1.0 0
0.998145498519091 -0.06087334216285026 0.0 31.1531 0.06087334216285026 0.998145498519091 0.0 1.37127 0.0 0.0 1.0 0
0.9980467611164257 -0.06247129440801125 0.0 32.1294 0.06247129440801125 0.9980467611164257 0.0 1.43172 0.0 0.0 1.0 0
0.997970312888829 -0.06368088090292634 0.0 33.1149 0.06368088090292634 0.997970312888829 0.0 1.48879 0.0 0.0 1.0 0
0.9978223288101041 -0.0659590791929401 0.0 34.1048 0.0659590791929401 0.9978223288101041 0.0 1.54411 0.0 0.0 1.0 0
0.9977723120301388 -0.06671141840817994 0.0 35.1157 0.06671141840817994 0.9977723120301388 0.0 1.60904 0.0 0.0 1.0 0
0.9976791640447554 -0.06809027559760708 0.0 36.1161 0.06809027559760708 0.9976791640447554 0.0 1.6679 0.0 0.0 1.0 0
0.997609331196783 -0.06910587752939275 0.0 37.1245 0.06910587752939275 0.997609331196783 0.0 1.72911 0.0 0.0 1.0 0
0.9975190026026184 -0.070397723306066 0.0 38.115 0.070397723306066 0.9975190026026184 0.0 1.79657 0.0 0.0 1.0 0
0.9975369917328853 -0.0701423561373964 0.0 39.1196 0.0701423561373964 0.9975369917328853 0.0 1.86479 0.0 0.0 1.0 0
0.9974880018816513 -0.07083562735058307 0.0 40.1116 0.07083562735058307 0.9974880018816513 0.0 1.9216 0.0 0.0 1.0 0
0.9974661371959218 -0.07114285029042972 0.0 41.1151 0.07114285029042972 0.9974661371959218 0.0 1.98841 0.0 0.0 1.0 0
0.9974863015393186 -0.07085956704222526 0.0 42.1116 0.07085956704222526 0.9974863015393186 0.0 2.04928 0.0 0.0 1.0 0
0.9974816935602743 -0.07092440350208884 0.0 43.1154 0.07092440350208884 0.9974816935602743 0.0 2.10794 0.0 0.0 1.0 0
0.997431658851631 -0.07162461811754113 0.0 44.1237 0.07162461811754113 0.997431658851631 0.0 2.17169 0.0 0.0 1.0 0
0.997325950802567 -0.07308178881059031 0.0 45.1114 0.07308178881059031 0.997325950802567 0.0 2.24063 0.0 0.0 1.0 0
0.9972605130281955 -0.07396937984558342 0.0 46.127 0.07396937984558342 0.9972605130281955 0.0 2.31202 0.0 0.0 1.0 0
0.9972683481798349 -0.07386366981584042 0.0 47.1093 0.07386366981584042 0.9972683481798349 0.0 2.37251 0.0 0.0 1.0 0
0.9971596703261193 -0.07531661088435321 0.0 48.0636 0.07531661088435321 0.9971596703261193 0.0 2.44941 0.0 0.0 1.0 0
0.9971110356113306 -0.07595776893840261 0.0 49.0276 0.07595776893840261 0.9971110356113306 0.0 2.5176 0.0 0.0 1.0 0
0.9971023699464628 -0.07607143910264252 0.0 50.0064 0.07607143910264252 0.9971023699464628 0.0 2.58882 0.0 0.0 1.0 0
0.9970884321772042 -0.07625390756154604 0.0 50.9814 0.07625390756154604 0.9970884321772042 0.0 2.6643 0.0 0.0 1.0 0
0.9970421929429363 -0.07685613502864086 0.0 51.9393 0.07685613502864086 0.9970421929429363 0.0 2.73742 0.0 0.0 1.0 0
0.9970220224153071 -0.07711735744234707 0.0 52.9016 0.07711735744234707 0.9970220224153071 0.0 2.81365 0.0 0.0 1.0 0
0.9969885371352486 -0.07754906073523472 0.0 53.8652 0.07754906073523472 0.9969885371352486 0.0 2.89329 0.0 0.0 1.0 0
0.9968938941934282 -0.07875635669494802 0.0 54.8172 0.07875635669494802 0.9968938941934282 0.0 2.96703 0.0 0.0 1.0 0
0.9967776068244826 -0.08021472765806359 0.0 55.7737 0.08021472765806359 0.9967776068244826 0.0 3.0472 0.0 0.0 1.0 0
0.9967169225493404 -0.08096527838383694 0.0 56.7201 0.08096527838383694 0.9967169225493404 0.0 3.12435 0.0 0.0 1.0 0
0.9966730559798141 -0.08150349369111844 0.0 57.6684 0.08150349369111844 0.9966730559798141 0.0 3.19614 0.0 0.0 1.0 0
0.9965708117224057 -0.08274428815903494 0.0 58.6081 0.08274428815903494 0.9965708117224057 0.0 3.26361 0.0 0.0 1.0 0
0.9964494481368505 -0.08419321414321912 0.0 59.5256 0.08419321414321912 0.9964494481368505 0.0 3.33437 0.0 0.0 1.0 0
0.9963729303244432 -0.08509396991962627 0.0 60.4362 0.08509396991962627 0.9963729303244432 0.0 3.40388 0.0 0.0 1.0 0
0.99629000650287 -0.08605941518806207 0.0 61.338 0.08605941518806207 0.99629000650287 0.0 3.46939 0.0 0.0 1.0 0
0.9961719569506503 -0.08741528576348448 0.0 62.2337 0.08741528576348448 0.9961719569506503 0.0 3.5389 0.0 0.0 1.0 0
0.9960817445600829 -0.0884373120020147 0.0 63.1385 0.0884373120020147 0.9960817445600829 0.0 3.60892 0.0 0.0 1.0 0
0.9959708681593812 -0.08967736491360864 0.0 63.9892 0.08967736491360864 0.9959708681593812 0.0 3.68037 0.0 0.0 1.0 0
0.9958149671454436 -0.09139229294157687 0.0 64.8504 0.09139229294157687 0.9958149671454436 0.0 3.75179 0.0 0.0 1.0 0
0.9956907728872597 -0.09273556376693605 0.0 65.6996 0.09273556376693605 0.9956907728872597 0.0 3.82215 0.0 0.0 1.0 0
0.9955731357286001 -0.09399006019533392 0.0 66.5293 0.09399006019533392 0.9955731357286001 0.0 3.8912 0.0 0.0 1.0 0
0.9954381891204723 -0.0954086560043419 0.0 67.3412 0.0954086560043419 0.9954381891204723 0.0 3.96504 0.0 0.0 1.0 0
0.9953066419056308 -0.09677132105400041 0.0 68.1371 0.09677132105400041 0.9953066419056308 0.0 4.03273 0.0 0.0 1.0 0
0.9951840180238908 -0.09802433508993678 0.0 68.9207 0.09802433508993678 0.9951840180238908 0.0 4.09952 0.0 0.0 1.0 0
0.9950054630283642 -0.09982048158424399 0.0 69.6979 0.09982048158424399 0.9950054630283642 0.0 4.16791 0.0 0.0 1.0 0
0.9948829415880676 -0.10103431366161565 0.0 70.4509 0.10103431366161565 0.9948829415880676 0.0 4.23372 0.0 0.0 1.0 0
0.994740108893865 -0.10243102927248963 0.0 71.1883 0.10243102927248963 0.994740108893865 0.0 4.30663 0.0 0.0 1.0 0
0.9946034108751505 -0.10374996421935084 0.0 71.8939 0.10374996421935084 0.9946034108751505 0.0 4.37123 0.0 0.0 1.0 0
0.9945680783999189 -0.10408812337578517 0.0 72.5868 0.10408812337578517 0.9945680783999189 0.0 4.44045 0.0 0.0 1.0 0
0.9944619166584276 -0.1050975561849392 0.0 73.2619 0.1050975561849392 0.9944619166584276 0.0 4.50574 0.0 0.0 1.0 0
0.9943399719351598 -0.10624509500200738 0.0 73.9092 0.10624509500200738 0.9943399719351598 0.0 4.5669 0.0 0.0 1.0 0
0.9942460912552129 -0.10712007292627636 0.0 74.5436 0.10712007292627636 0.9942460912552129 0.0 4.63364 0.0 0.0 1.0 0
0.9942388047915626 -0.10718768141276802 0.0 75.154 0.10718768141276802 0.9942388047915626 0.0 4.71138 0.0 0.0 1.0 0
0.9943429464080382 -0.10621725344114873 0.0 75.7475 0.10621725344114873 0.9943429464080382 0.0 4.78309 0.0 0.0 1.0 0
0.9946560907632375 -0.10324369766525351 0.0 76.3307 0.10324369766525351 0.9946560907632375 0.0 4.8419 0.0 0.0 1.0 0
0.9950798503868714 -0.09907618964232381 0.0 76.9097 0.09907618964232381 0.9950798503868714 0.0 4.89414 0.0 0.0 1.0 0
0.9955050154228728 -0.0947088394391236 0.0 77.4705 0.0947088394391236 0.9955050154228728 0.0 4.959 0.0 0.0 1.0 0
0.9960104082649577 -0.08923713704435184 0.0 78.008 0.08923713704435184 0.9960104082649577 0.0 5.02553 0.0 0.0 1.0 0
0.9967054965372615 -0.08110581466461536 0.0 78.5328 0.08110581466461536 0.9967054965372615 0.0 5.08687 0.0 0.0 1.0 0
0.9975161858956717 -0.07043762400984128 0.0 79.0471 0.07043762400984128 0.9975161858956717 0.0 5.13506 0.0 0.0 1.0 0
0.9984614904218857 -0.055449545935981746 0.0 79.5463 0.055449545935981746 0.9984614904218857 0.0 5.17748 0.0 0.0 1.0 0
0.9992916235666638 -0.037633111344946894 0.0 80.0305 0.037633111344946894 0.9992916235666638 0.0 5.2154 0.0 0.0 1.0 0
0.9998786186751505 -0.015580369580757661 0.0 80.5085 0.015580369580757661 0.9998786186751505 0.0 5.25665 0.0 0.0 1.0 0
0.9999440005781637 0.010582802451968725 0.0 80.9789 -0.010582802451968725 0.9999440005781637 -0.0 5.2988 -0.0 0.0 1.0 0
0.9991946989956682 0.04012422583622085 0.0 81.4388 -0.04012422583622085 0.9991946989956682 -0.0 5.32674 -0.0 0.0 1.0 0
0.9973538679786248 0.07269980762062436 0.0 81.8957 -0.07269980762062436 0.9973538679786248 -0.0 5.34951 -0.0 0.0 1.0 0
0.9939029590999443 0.11025836880878688 0.0 82.3451 -0.11025836880878688 0.9939029590999443 -0.0 5.35529 -0.0 0.0 1.0 0
0.9883934816106761 0.1519155209632188 0.0 82.7904 -0.1519155209632188 0.9883934816106761 -0.0 5.34984 -0.0 0.0 1.0 0
0.9804314544635108 0.1968607708472281 0.0 83.2242 -0.1968607708472281 0.9804314544635108 -0.0 5.33196 -0.0 0.0 1.0 0
0.9693335741812755 0.24574869677162808 0.0 83.6447 -0.24574869677162808 0.9693335741812755 -0.0 5.29881 -0.0 0.0 1.0 0
0.9544077282474479 0.2985060941782355 0.0 84.0582 -0.2985060941782355 0.9544077282474479 -0.0 5.25566 -0.0 0.0 1.0 0
0.9350940417673383 0.35439967981252934 0.0 84.4629 -0.35439967981252934 0.9350940417673383 -0.0 5.19044 -0.0 0.0 1.0 0
0.9114781605409361 0.4113484688884979 0.0 84.8643 -0.4113484688884979 0.9114781605409361 -0.0 5.10761 -0.0 0.0 1.0 0
0.8829340672789474 0.46949699981816184 0.0 85.2449 -0.46949699981816184 0.8829340672789474 -0.0 5.00373 -0.0 0.0 1.0 0
0.8500637518525623 0.5266798057514124 0.0 85.6205 -0.5266798057514124 0.8500637518525623 -0.0 4.88504 -0.0 0.0 1.0 0
0.8134756038963612 0.5815990387418556 0.0 85.979 -0.5815990387418556 0.8134756038963612 -0.0 4.73829 -0.0 0.0 1.0 0
0.774114008754132 0.6330462079900704 0.0 86.3302 -0.6330462079900704 0.774114008754132 -0.0 4.57015 -0.0 0.0 1.0 0
0.7316977301158732 0.6816292480104406 0.0 86.6651 -0.6816292480104406 0.7316977301158732 -0.0 4.37827 -0.0 0.0 1.0 0
0.6867789681175003 0.7268663212389617 0.0 86.9847 -0.7268663212389617 0.6867789681175003 -0.0 4.16829 -0.0 0.0 1.0 0
0.640622988480221 0.7678555766748526 0.0 87.2889 -0.7678555766748526 0.640622988480221 -0.0 3.94674 -0.0 0.0 1.0 0
0.5943662206089984 0.8041945012240357 0.0 87.5852 -0.8041945012240357 0.5943662206089984 -0.0 3.7066 -0.0 0.0 1.0 0
0.5478886960327151 0.8365512397693109 0.0 87.8483 -0.8365512397693109 0.5478886960327151 -0.0 3.44643 -0.0 0.0 1.0 0
0.5009502058727475 0.8654761066812023 0.0 88.0916 -0.8654761066812023 0.5009502058727475 -0.0 3.16908 -0.0 0.0 1.0 0
0.4555556783339455 0.8902072926783395 0.0 88.3158 -0.8902072926783395 0.4555556783339455 -0.0 2.87818 -0.0 0.0 1.0 0
0.413310224044495 0.9105902803677894 0.0 88.5371 -0.9105902803677894 0.413310224044495 -0.0 2.57499 -0.0 0.0 1.0 0
0.373886885263051 0.9274743107107033 0.0 88.7503 -0.9274743107107033 0.373886885263051 -0.0 2.26822 -0.0 0.0 1.0 0
0.3386260799658838 0.9409210264240772 0.0 88.9365 -0.9409210264240772 0.3386260799658838 -0.0 1.93928 -0.0 0.0 1.0 0
0.30545509197721166 0.9522064832719809 0.0 89.0891 -0.9522064832719809 0.30545509197721166 -0.0 1.60371 -0.0 0.0 1.0 0
0.2746217700361969 0.9615523300487532 0.0 89.2207 -0.9615523300487532 0.2746217700361969 -0.0 1.24582 -0.0 0.0 1.0 0
0.24640228845134693 0.9691676388767524 0.0 89.3466 -0.9691676388767524 0.24640228845134693 -0.0 0.873539 -0.0 0.0 1.0 0
0.22096744731738727 0.9752811836727077 0.0 89.4765 -0.9752811836727077 0.22096744731738727 -0.0 0.497243 -0.0 0.0 1.0 0
0.1975581281481581 0.9802911740919614 0.0 89.6024 -0.9802911740919614 0.1975581281481581 -0.0 0.110753 -0.0 0.0 1.0 0
0.17747126267792945 0.984125983257988 0.0 89.7192 -0.984125983257988 0.17747126267792945 -0.0 -0.290349 -0.0 0.0 1.0 0
0.15745831148460754 0.9875256351834196 0.0 89.8132 -0.9875256351834196 0.15745831148460754 -0.0 -0.704931 -0.0 0.0 1.0 0
0.14013358212935734 0.9901326068560689 0.0 89.8973 -0.9901326068560689 0.14013358212935734 -0.0 -1.142 -0.0 0.0 1.0 0
0.12477030802784883 0.9921856531086488 0.0 89.9743 -0.9921856531086488 0.12477030802784883 -0.0 -1.59581 -0.0 0.0 1.0 0
0.11042069832220669 0.9938849376975366 0.0 90.0493 -0.9938849376975366 0.11042069832220669 -0.0 -2.06286 -0.0 0.0 1.0 0
0.09716279432975605 0.9952685021631266 0.0 90.1194 -0.9952685021631266 0.09716279432975605 -0.0 -2.54443 -0.0 0.0 1.0 0
0.0856114015818592 0.9963286043867203 0.0 90.1854 -0.9963286043867203 0.0856114015818592 -0.0 -3.03733 -0.0 0.0 1.0 0
0.07553431576240321 0.9971432029263928 0.0 90.2442 -0.9971432029263928 0.07553431576240321 -0.0 -3.55043 -0.0 0.0 1.0 0
0.06751492946652271 0.9977182639899554 0.0 90.2904 -0.9977182639899554 0.06751492946652271 -0.0 -4.07167 -0.0 0.0 1.0 0
0.061687136609820614 0.9980955350951538 0.0 90.332 -0.9980955350951538 0.061687136609820614 -0.0 -4.61479 -0.0 0.0 1.0 0
0.05605692651694538 0.998427574233341 0.0 90.3734 -0.998427574233341 0.05605692651694538 -0.0 -5.18211 -0.0 0.0 1.0 0
0.0500154506335555 0.9987484441529421 0.0 90.4099 -0.9987484441529421 0.0500154506335555 -0.0 -5.76249 -0.0 0.0 1.0 0
0.045560549897357916 0.9989615789874257 0.0 90.4469 -0.9989615789874257 0.045560549897357916 -0.0 -6.36707 -0.0 0.0 1.0 0
0.04279325507154552 0.9990839490855519 0.0 90.4816 -0.9990839490855519 0.04279325507154552 -0.0 -6.99001 -0.0 0.0 1.0 0
0.03972587050492338 0.9992106160427972 0.0 90.5119 -0.9992106160427972 0.03972587050492338 -0.0 -7.63281 -0.0 0.0 1.0 0
0.037367625011488936 0.999301586409729 0.0 90.5415 -0.999301586409729 0.037367625011488936 -0.0 -8.28481 -0.0 0.0 1.0 0
0.03655817855655996 0.9993315263618111 0.0 90.5708 -0.9993315263618111 0.03655817855655996 -0.0 -8.95779 -0.0 0.0 1.0 0
0.037677406702799954 0.9992899544297201 0.0 90.6001 -0.9992899544297201 0.037677406702799954 -0.0 -9.65116 -0.0 0.0 1.0 0
0.03995568789383819 0.9992014526635409 0.0 90.6241 -0.9992014526635409 0.03995568789383819 -0.0 -10.3602 -0.0 0.0 1.0 0
0.04385225981800689 0.9990380269583605 0.0 90.6504 -0.9990380269583605 0.04385225981800689 -0.0 -11.0819 -0.0 0.0 1.0 0
0.04844735457888094 0.9988257374709105 0.0 90.6816 -0.9988257374709105 0.04844735457888094 -0.0 -11.8303 -0.0 0.0 1.0 0
0.05277180234098111 0.998606597653793 0.0 90.7201 -0.998606597653793 0.05277180234098111 -0.0 -12.5897 -0.0 0.0 1.0 0
0.056915553395093244 0.9983789960639848 0.0 90.753 -0.9983789960639848 0.056915553395093244 -0.0 -13.3596 -0.0 0.0 1.0 0
0.061028380169024565 0.9981360312171608 0.0 90.7847 -0.9981360312171608 0.061028380169024565 -0.0 -14.1436 -0.0 0.0 1.0 0
0.06517010727867667 0.9978741689798798 0.0 90.8267 -0.9978741689798798 0.06517010727867667 -0.0 -14.9428 -0.0 0.0 1.0 0
0.06894159706714476 0.9976206975568578 0.0 90.863 -0.9976206975568578 0.06894159706714476 -0.0 -15.7384 -0.0 0.0 1.0 0
0.07215357275542644 0.9973935341371669 0.0 90.9093 -0.9973935341371669 0.07215357275542644 -0.0 -16.5472 -0.0 0.0 1.0 0
0.07388892740305919 0.9972664771299722 0.0 90.956 -0.9972664771299722 0.07388892740305919 -0.0 -17.3508 -0.0 0.0 1.0 0
0.0738789547345935 0.997267215969383 0.0 91.0129 -0.997267215969383 0.0738789547345935 -0.0 -18.171 -0.0 0.0 1.0 0
0.07416815911656116 0.9972457491377239 0.0 91.0657 -0.9972457491377239 0.07416815911656116 -0.0 -18.9826 -0.0 0.0 1.0 0
0.07434766214891209 0.9972323827137742 0.0 91.1173 -0.9972323827137742 0.07434766214891209 -0.0 -19.8133 -0.0 0.0 1.0 0
0.07413824171071537 0.9972479737337367 0.0 91.1765 -0.9972479737337367 0.07413824171071537 -0.0 -20.6499 -0.0 0.0 1.0 0
0.0743177451439786 0.9972346126948839 0.0 91.2246 -0.9972346126948839 0.0743177451439786 -0.0 -21.4654 -0.0 0.0 1.0 0
0.07430777279413614 0.9972353558224732 0.0 91.2734 -0.9972353558224732 0.07430777279413614 -0.0 -22.2824 -0.0 0.0 1.0 0
0.07438755138473196 0.997229408009503 0.0 91.3248 -0.997229408009503 0.07438755138473196 -0.0 -23.0939 -0.0 0.0 1.0 0
0.07311103715276313 0.9973238071190557 0.0 91.3747 -0.9973238071190557 0.07311103715276313 -0.0 -23.9029 -0.0 0.0 1.0 0
0.0705377012569679 0.9975091140943941 0.0 91.428 -0.9975091140943941 0.0705377012569679 -0.0 -24.7187 -0.0 0.0 1.0 0
0.06712581421892028 0.997744518935307 0.0 91.4911 -0.997744518935307 0.06712581421892028 -0.0 -25.5298 -0.0 0.0 1.0 0
0.06233588563054138 0.9980552276115066 0.0 91.544 -0.9980552276115066 0.06233588563054138 -0.0 -26.3472 -0.0 0.0 1.0 0
0.056376420465132804 0.9984095848976704 0.0 91.5976 -0.9984095848976704 0.056376420465132804 -0.0 -27.1645 -0.0 0.0 1.0 0
0.04900668936608421 0.998798450337893 0.0 91.6444 -0.998798450337893 0.04900668936608421 -0.0 -27.9721 -0.0 0.0 1.0 0
0.04055520153744119 0.9991772993959869 0.0 91.69 -0.9991772993959869 0.04055520153744119 -0.0 -28.7818 -0.0 0.0 1.0 0
0.030771468559697035 0.9995264462347556 0.0 91.7328 -0.9995264462347556 0.030771468559697035 -0.0 -29.5895 -0.0 0.0 1.0 0
0.020794827803092497 0.999783764189357 0.0 91.7694 -0.999783764189357 0.020794827803092497 -0.0 -30.3864 -0.0 0.0 1.0 0
0.010196150118826242 0.9999480179103085 0.0 91.7948 -0.9999480179103085 0.010196150118826242 -0.0 -31.1778 -0.0 0.0 1.0 0
-0.001023673026317562 0.9999994760466303 0.0 91.8105 -0.9999994760466303 -0.001023673026317562 -0.0 -31.9679 -0.0 0.0 1.0 0
-0.011823397716925088 0.9999301011902919 0.0 91.8216 -0.9999301011902919 -0.011823397716925088 -0.0 -32.743 -0.0 0.0 1.0 0
-0.022821691705183778 0.9997395512770881 0.0 91.8229 -0.9997395512770881 -0.022821691705183778 -0.0 -33.5303 -0.0 0.0 1.0 0
-0.03296769835343105 0.9994564176917757 0.0 91.8166 -0.9994564176917757 -0.03296769835343105 -0.0 -34.2992 -0.0 0.0 1.0 0
-0.0430803364871839 0.999071611351334 0.0 91.8015 -0.999071611351334 -0.0430803364871839 -0.0 -35.0675 -0.0 0.0 1.0 0
-0.05296887273934292 0.9985961638824392 0.0 91.7657 -0.9985961638824392 -0.05296887273934292 -0.0 -35.8479 -0.0 0.0 1.0 0
-0.06292207899977709 0.9980184427025113 0.0 91.7321 -0.9980184427025113 -0.06292207899977709 -0.0 -36.6038 -0.0 0.0 1.0 0
-0.07230053432845196 0.9973828917400883 0.0 91.6907 -0.9973828917400883 -0.07230053432845196 -0.0 -37.3526 -0.0 0.0 1.0 0
-0.08084534604528715 0.996726657626261 0.0 91.6467 -0.996726657626261 -0.08084534604528715 -0.0 -38.0964 -0.0 0.0 1.0 0
-0.08861727583894918 0.9960657500501078 0.0 91.5901 -0.9960657500501078 -0.08861727583894918 -0.0 -38.8356 -0.0 0.0 1.0 0
-0.09370599268135527 0.9955999130853727 0.0 91.5383 -0.9955999130853727 -0.09370599268135527 -0.0 -39.555 -0.0 0.0 1.0 0
-0.0974487771458421 0.99524054169471 0.0 91.4798 -0.99524054169471 -0.0974487771458421 -0.0 -40.2705 -0.0 0.0 1.0 0
-0.10009576911075135 0.9949778072932721 0.0 91.4148 -0.9949778072932721 -0.10009576911075135 -0.0 -40.9772 -0.0 0.0 1.0 0
-0.10166770845267759 0.9948184141128376 0.0 91.347 -0.9948184141128376 -0.10166770845267759 -0.0 -41.6651 -0.0 0.0 1.0 0
-0.10256300372908966 0.9947265102861523 0.0 91.2744 -0.9947265102861523 -0.10256300372908966 -0.0 -42.3358 -0.0 0.0 1.0 0
-0.10148863949208753 0.9948366981842021 0.0 91.2072 -0.9948366981842021 -0.10148863949208753 -0.0 -42.9944 -0.0 0.0 1.0 0
-0.09860319035176679 0.9951268315408107 0.0 91.1343 -0.9951268315408107 -0.09860319035176679 -0.0 -43.6384 -0.0 0.0 1.0 0
-0.09364625651793523 0.9956055336528505 0.0 91.0617 -0.9956055336528505 -0.09364625651793523 -0.0 -44.2595 -0.0 0.0 1.0 0
-0.08529989168780472 0.9963553224016264 0.0 90.997 -0.9963553224016264 -0.08529989168780472 -0.0 -44.8577 -0.0 0.0 1.0 0
-0.07429515418106769 0.9972362960027132 0.0 90.9261 -0.9972362960027132 -0.07429515418106769 -0.0 -45.4345 -0.0 0.0 1.0 0
-0.060656416964971926 0.9981587043556609 0.0 90.8649 -0.9981587043556609 -0.060656416964971926 -0.0 -45.9932 -0.0 0.0 1.0 0
-0.043320112430893065 0.9990612432974143 0.0 90.8089 -0.9990612432974143 -0.043320112430893065 -0.0 -46.5316 -0.0 0.0 1.0 0
-0.022011895270544146 0.9997577088808061 0.0 90.7599 -0.9997577088808061 -0.022011895270544146 -0.0 -47.0593 -0.0 0.0 1.0 0
0.0029663224447334935 0.9999956004558989 0.0 90.7223 -0.9999956004558989 0.0029663224447334935 -0.0 -47.5808 -0.0 0.0 1.0 0
0.03132120342322564 0.9995093707495298 0.0 90.6876 -0.9995093707495298 0.03132120342322564 -0.0 -48.1063 -0.0 0.0 1.0 0
0.06487074209981802 0.997893675107433 0.0 90.6675 -0.997893675107433 0.06487074209981802 -0.0 -48.6243 -0.0 0.0 1.0 0
0.10252585419327642 0.9947303399524613 0.0 90.6547 -0.9947303399524613 0.10252585419327642 -0.0 -49.1388 -0.0 0.0 1.0 0
0.1445778500454038 0.9894934286170115 0.0 90.6612 -0.9894934286170115 0.1445778500454038 -0.0 -49.6499 -0.0 0.0 1.0 0
0.18990592483540591 0.9818022915599705 0.0 90.6837 -0.9818022915599705 0.18990592483540591 -0.0 -50.1558 -0.0 0.0 1.0 0
0.2382429709571493 0.9712055842042461 0.0 90.7253 -0.9712055842042461 0.2382429709571493 -0.0 -50.6612 -0.0 0.0 1.0 0
0.28932952125261857 0.9572295587432152 0.0 90.7842 -0.9572295587432152 0.28932952125261857 -0.0 -51.1594 -0.0 0.0 1.0 0
0.34398379980877514 0.9389755829994286 0.0 90.868 -0.9389755829994286 0.34398379980877514 -0.0 -51.6448 -0.0 0.0 1.0 0
0.40169439200398793 0.9157737796162032 0.0 90.9771 -0.9157737796162032 0.40169439200398793 -0.0 -52.117 -0.0 0.0 1.0 0
0.46147431188879906 0.8871535715234198 0.0 91.1135 -0.8871535715234198 0.46147431188879906 -0.0 -52.5745 -0.0 0.0 1.0 0
0.5206792188742252 0.8537523944520019 0.0 91.2772 -0.8537523944520019 0.5206792188742252 -0.0 -53.0243 -0.0 0.0 1.0 0
0.5781490309525237 0.8159311846036146 0.0 91.454 -0.8159311846036146 0.5781490309525237 -0.0 -53.46 -0.0 0.0 1.0 0
0.6339192584108364 0.7733992331363249 0.0 91.6692 -0.7733992331363249 0.6339192584108364 -0.0 -53.8794 -0.0 0.0 1.0 0
0.6862670840803016 0.7273496334692968 0.0 91.9136 -0.7273496334692968 0.6862670840803016 -0.0 -54.2842 -0.0 0.0 1.0 0
0.7346850574668788 0.6784083330376248 0.0 92.1877 -0.6784083330376248 0.7346850574668788 -0.0 -54.6713 -0.0 0.0 1.0 0
0.7792720104221109 0.6266858333907681 0.0 92.4817 -0.6266858333907681 0.7792720104221109 -0.0 -55.0378 -0.0 0.0 1.0 0
0.8198215590577017 0.5726190804576803 0.0 92.8023 -0.5726190804576803 0.8198215590577017 -0.0 -55.3881 -0.0 0.0 1.0 0
0.8555350209559874 0.5177449448501049 0.0 93.1462 -0.5177449448501049 0.8555350209559874 -0.0 -55.7178 -0.0 0.0 1.0 0
0.8857448874256587 0.46417237573912895 0.0 93.5084 -0.46417237573912895 0.8857448874256587 -0.0 -56.0212 -0.0 0.0 1.0 0
0.910548666488444 0.41340189399193167 0.0 93.8923 -0.41340189399193167 0.910548666488444 -0.0 -56.3037 -0.0 0.0 1.0 0
0.9300791809852695 0.3673591119024683 0.0 94.2956 -0.3673591119024683 0.9300791809852695 -0.0 -56.5587 -0.0 0.0 1.0 0
0.9449223674664083 0.32729454541999 0.0 94.7095 -0.32729454541999 0.9449223674664083 -0.0 -56.7944 -0.0 0.0 1.0 0
0.956482041476814 0.2917911998884581 0.0 95.1529 -0.2917911998884581 0.956482041476814 -0.0 -57.0008 -0.0 0.0 1.0 0
0.9653708868832115 0.26088129629837725 0.0 95.6052 -0.26088129629837725 0.9653708868832115 -0.0 -57.18 -0.0 0.0 1.0 0
0.9710341145699075 0.2389408888018869 0.0 96.0611 -0.2389408888018869 0.9710341145699075 -0.0 -57.3277 -0.0 0.0 1.0 0
0.9747659879294734 0.22322918441789286 0.0 96.5413 -0.22322918441789286 0.9747659879294734 -0.0 -57.4651 -0.0 0.0 1.0 0
0.9775543485854402 0.21068340124864054 0.0 97.024 -0.21068340124864054 0.9775543485854402 -0.0 -57.6057 -0.0 0.0 1.0 0
0.9796225146719123 0.20084752611839393 0.0 97.5176 -0.20084752611839393 0.9796225146719123 -0.0 -57.734 -0.0 0.0 1.0 0
0.9808428947288146 0.19480045138551283 0.0 98.0194 -0.19480045138551283 0.9808428947288146 -0.0 -57.8565 -0.0 0.0 1.0 0
0.9814088732369772 0.19192869387282036 0.0 98.5358 -0.19192869387282036 0.9814088732369772 -0.0 -57.9738 -0.0 0.0 1.0 0
0.9815280630311793 0.19131822046595912 0.0 99.0713 -0.19131822046595912 0.9815280630311793 -0.0 -58.0885 -0.0 0.0 1.0 0
0.9810377861804459 0.19381656814155396 0.0 99.6236 -0.19381656814155396 0.9810377861804459 -0.0 -58.192 -0.0 0.0 1.0 0
0.9802801738785696 0.19761270379356013 0.0 100.177 -0.19761270379356013 0.9802801738785696 -0.0 -58.2866 -0.0 0.0 1.0 0
0.97939452766507 0.2019563298827606 0.0 100.739 -0.2019563298827606 0.97939452766507 -0.0 -58.3947 -0.0 0.0 1.0 0
0.9785044856971249 0.2062255354474926 0.0 101.321 -0.2062255354474926 0.9785044856971249 -0.0 -58.517 -0.0 0.0 1.0 0
0.9773831628867635 0.211476128452992 0.0 101.92 -0.211476128452992 0.9773831628867635 -0.0 -58.6483 -0.0 0.0 1.0 0
0.9764380309997147 0.2157979879827434 0.0 102.53 -0.2157979879827434 0.9764380309997147 -0.0 -58.7674 -0.0 0.0 1.0 0
0.9756291664558074 0.2194259090461888 0.0 103.151 -0.2194259090461888 0.9756291664558074 -0.0 -58.9002 -0.0 0.0 1.0 0
0.9748173048588766 0.22300498233823388 0.0 103.786 -0.22300498233823388 0.9748173048588766 -0.0 -59.0415 -0.0 0.0 1.0 0
0.9741653630454481 0.225835881654201 0.0 104.432 -0.225835881654201 0.9741653630454481 -0.0 -59.1819 -0.0 0.0 1.0 0
0.974058207405766 0.22629761064904289 0.0 105.075 -0.22629761064904289 0.974058207405766 -0.0 -59.3286 -0.0 0.0 1.0 0
0.9740842251899734 0.2261855924590452 0.0 105.73 -0.2261855924590452 0.9740842251899734 -0.0 -59.4828 -0.0 0.0 1.0 0
0.9742059977224475 0.2256605282312584 0.0 106.394 -0.2256605282312584 0.9742059977224475 -0.0 -59.645 -0.0 0.0 1.0 0
0.9748023613370937 0.22307029459707586 0.0 107.063 -0.22307029459707586 0.9748023613370937 -0.0 -59.8142 -0.0 0.0 1.0 0
0.9754519922903676 0.22021219479573015 0.0 107.772 -0.22021219479573015 0.9754519922903676 -0.0 -59.9738 -0.0 0.0 1.0 0
0.9758022084608575 0.21865509361300792 0.0 108.482 -0.21865509361300792 0.9758022084608575 -0.0 -60.137 -0.0 0.0 1.0 0
0.97637800142831 0.21606942941299906 0.0 109.195 -0.21606942941299906 0.97637800142831 -0.0 -60.3083 -0.0 0.0 1.0 0
0.9767351168142733 0.2144493217098342 0.0 109.922 -0.2144493217098342 0.9767351168142733 -0.0 -60.4831 -0.0 0.0 1.0 0
0.9772056027311506 0.21229510119371245 0.0 110.651 -0.21229510119371245 0.9772056027311506 -0.0 -60.6567 -0.0 0.0 1.0 0
0.9779933760982777 0.2086359420327489 0.0 111.397 -0.2086359420327489 0.9779933760982777 -0.0 -60.829 -0.0 0.0 1.0 0
0.9787899889492787 0.20486619421630012 0.0 112.149 -0.20486619421630012 0.9787899889492787 -0.0 -60.997 -0.0 0.0 1.0 0
0.9796474122337493 0.2007260513827701 0.0 112.915 -0.2007260513827701 0.9796474122337493 -0.0 -61.1579 -0.0 0.0 1.0 0
0.9803898950162759 0.19706763750036577 0.0 113.703 -0.19706763750036577 0.9803898950162759 -0.0 -61.3196 -0.0 0.0 1.0 0
0.9807522064808092 0.1952565222547619 0.0 114.495 -0.1952565222547619 0.9807522064808092 -0.0 -61.4851 -0.0 0.0 1.0 0
0.9810251860310834 0.19388033518817321 0.0 115.296 -0.19388033518817321 0.9810251860310834 -0.0 -61.6441 -0.0 0.0 1.0 0
0.981135731769248 0.19332013823092062 0.0 116.1 -0.19332013823092062 0.981135731769248 -0.0 -61.794 -0.0 0.0 1.0 0
0.9812941169220691 0.19251456073278347 0.0 116.92 -0.19251456073278347 0.9812941169220691 -0.0 -61.9648 -0.0 0.0 1.0 0
0.9812235908692973 0.19287370147731844 0.0 117.738 -0.19287370147731844 0.9812235908692973 -0.0 -62.1374 -0.0 0.0 1.0 0
0.9811107853079455 0.19344670313144768 0.0 118.562 -0.19344670313144768 0.9811107853079455 -0.0 -62.31 -0.0 0.0 1.0 0
0.9808909805196956 0.1945581772506879 0.0 119.401 -0.1945581772506879 0.9808909805196956 -0.0 -62.4909 -0.0 0.0 1.0 0
0.9803303358829157 0.19736370625748176 0.0 120.241 -0.19736370625748176 0.9803303358829157 -0.0 -62.6701 -0.0 0.0 1.0 0
0.9797486539681011 0.20023130386553975 0.0 121.064 -0.20023130386553975 0.9797486539681011 -0.0 -62.8463 -0.0 0.0 1.0 0
0.9791928934062831 0.20293170649908665 0.0 121.915 -0.20293170649908665 0.9791928934062831 -0.0 -63.0309 -0.0 0.0 1.0 0
0.9788557005687436 0.20455199208043454 0.0 122.754 -0.20455199208043454 0.9788557005687436 -0.0 -63.2062 -0.0 0.0 1.0 0
0.9785722809399117 0.2059035963164768 0.0 123.601 -0.2059035963164768 0.9785722809399117 -0.0 -63.3758 -0.0 0.0 1.0 0
0.9785607488041226 0.205958396041324 0.0 124.442 -0.205958396041324 0.9785607488041226 -0.0 -63.5415 -0.0 0.0 1.0 0
0.9783497483145325 0.20695837739239034 0.0 125.293 -0.20695837739239034 0.9783497483145325 -0.0 -63.7171 -0.0 0.0 1.0 0
0.9779522558404908 0.20882860267811795 0.0 126.147 -0.20882860267811795 0.9779522558404908 -0.0 -63.9056 -0.0 0.0 1.0 0
0.9777483929337618 0.2097810289693664 0.0 126.996 -0.2097810289693664 0.9777483929337618 -0.0 -64.0924 -0.0 0.0 1.0 0
0.9775636177088195 0.21064038865337514 0.0 127.825 -0.21064038865337514 0.9775636177088195 -0.0 -64.2833 -0.0 0.0 1.0 0
0.9773256052251759 0.21174196884709418 0.0 128.652 -0.21174196884709418 0.9773256052251759 -0.0 -64.4635 -0.0 0.0 1.0 0
0.9772705192802905 0.21199606634471133 0.0 129.462 -0.21199606634471133 0.9772705192802905 -0.0 -64.6305 -0.0 0.0 1.0 0
0.9772789983411256 0.21195697535435368 0.0 130.278 -0.21195697535435368 0.9772789983411256 -0.0 -64.8036 -0.0 0.0 1.0 0
0.977511137947626 0.210883795461712 0.0 131.1 -0.210883795461712 0.977511137947626 -0.0 -64.9848 -0.0 0.0 1.0 0
0.9778362053550865 0.20937133399003097 0.0 131.941 -0.20937133399003097 0.9778362053550865 -0.0 -65.1693 -0.0 0.0 1.0 0
0.9781828298411945 0.20774588179762493 0.0 132.777 -0.20774588179762493 0.9781828298411945 -0.0 -65.3464 -0.0 0.0 1.0 0
0.9782762164438384 0.20730567850478232 0.0 133.592 -0.20730567850478232 0.9782762164438384 -0.0 -65.5301 -0.0 0.0 1.0 0
0.9786268110321779 0.20564426743527292 0.0 134.39 -0.20564426743527292 0.9786268110321779 -0.0 -65.7164 -0.0 0.0 1.0 0
0.9788642908890577 0.20451087996060785 0.0 135.202 -0.20451087996060785 0.9788642908890577 -0.0 -65.8872 -0.0 0.0 1.0 0
0.9793518930779691 0.20216297763091573 0.0 136.007 -0.20216297763091573 0.9793518930779691 -0.0 -66.0501 -0.0 0.0 1.0 0
0.9799200917779172 0.1993906059220404 0.0 136.829 -0.1993906059220404 0.9799200917779172 -0.0 -66.228 -0.0 0.0 1.0 0
0.980649561651424 0.19577139023072251 0.0 137.641 -0.19577139023072251 0.980649561651424 -0.0 -66.3959 -0.0 0.0 1.0 0
0.981684613964664 0.1905133032232886 0.0 138.438 -0.1905133032232886 0.981684613964664 -0.0 -66.5585 -0.0 0.0 1.0 0
0.982253611064427 0.18755757396301923 0.0 139.252 -0.18755757396301923 0.982253611064427 -0.0 -66.7346 -0.0 0.0 1.0 0
0.9826360398620685 0.18554356136549555 0.0 140.054 -0.18554356136549555 0.9826360398620685 -0.0 -66.9075 -0.0 0.0 1.0 0
0.9830189270452317 0.18350419360559975 0.0 140.857 -0.18350419360559975 0.9830189270452317 -0.0 -67.0663 -0.0 0.0 1.0 0
0.9832925312435307 0.18203240920421374 0.0 141.662 -0.18203240920421374 0.9832925312435307 -0.0 -67.2209 -0.0 0.0 1.0 0
0.9835940717155983 0.18039595917295506 0.0 142.449 -0.18039595917295506 0.9835940717155983 -0.0 -67.3725 -0.0 0.0 1.0 0
0.9840567527465908 0.17785473672026583 0.0 143.249 -0.17785473672026583 0.9840567527465908 -0.0 -67.5235 -0.0 0.0 1.0 0
0.9849043093264089 0.1730996865111817 0.0 144.045 -0.1730996865111817 0.9849043093264089 -0.0 -67.6612 -0.0 0.0 1.0 0
0.9860412964586736 0.16650093596763446 0.0 144.84 -0.16650093596763446 0.9860412964586736 -0.0 -67.8045 -0.0 0.0 1.0 0
0.9871230381128095 0.1599628320171181 0.0 145.632 -0.1599628320171181 0.9871230381128095 -0.0 -67.9511 -0.0 0.0 1.0 0
0.9881528353749984 0.15347303978338084 0.0 146.415 -0.15347303978338084 0.9881528353749984 -0.0 -68.0874 -0.0 0.0 1.0 0
0.9886729838625228 0.1500857454269918 0.0 147.225 -0.1500857454269918 0.9886729838625228 -0.0 -68.2248 -0.0 0.0 1.0 0
0.9893223312816214 0.14574403873743103 0.0 148.012 -0.14574403873743103 0.9893223312816214 -0.0 -68.3603 -0.0 0.0 1.0 0
0.9899613772801874 0.14133814592499208 0.0 148.809 -0.14133814592499208 0.9899613772801874 -0.0 -68.4975 -0.0 0.0 1.0 0
0.990979762965291 0.13401160171140303 0.0 149.591 -0.13401160171140303 0.990979762965291 -0.0 -68.6169 -0.0 0.0 1.0 0
0.9918033423846404 0.12777374548261383 0.0 150.382 -0.12777374548261383 0.9918033423846404 -0.0 -68.7293 -0.0 0.0 1.0 0
0.9926608807305878 0.12093128572529811 0.0 151.182 -0.12093128572529811 0.9926608807305878 -0.0 -68.8433 -0.0 0.0 1.0 0
0.9935368740110841 0.113509823276592 0.0 151.994 -0.113509823276592 0.9935368740110841 -0.0 -68.9706 -0.0 0.0 1.0 0
0.9944175824588699 0.10551621532568703 0.0 152.808 -0.10551621532568703 0.9944175824588699 -0.0 -69.0859 -0.0 0.0 1.0 0
0.9954637228917993 0.09514187514653548 0.0 153.609 -0.09514187514653548 0.9954637228917993 -0.0 -69.1822 -0.0 0.0 1.0 0
0.9962485832125595 0.08653762445877537 0.0 154.428 -0.08653762445877537 0.9962485832125595 -0.0 -69.2673 -0.0 0.0 1.0 0
0.9969245333579809 0.0783675620966475 0.0 155.256 -0.0783675620966475 0.9969245333579809 -0.0 -69.3538 -0.0 0.0 1.0 0
0.997532711193246 0.07020320576335454 0.0 156.08 -0.07020320576335454 0.997532711193246 -0.0 -69.4347 -0.0 0.0 1.0 0
0.998085672588891 0.06184650493585814 0.0 156.893 -0.06184650493585814 0.998085672588891 -0.0 -69.5113 -0.0 0.0 1.0 0
0.9985388438557574 0.054038664965071155 0.0 157.713 -0.054038664965071155 0.9985388438557574 -0.0 -69.5764 -0.0 0.0 1.0 0
0.9988763564422163 0.04739224135575976 0.0 158.537 -0.04739224135575976 0.9988763564422163 -0.0 -69.6305 -0.0 0.0 1.0 0
0.9990624850131923 0.04329146612514875 0.0 159.366 -0.04329146612514875 0.9990624850131923 -0.0 -69.6763 -0.0 0.0 1.0 0
0.9992478010589612 0.03877927383062815 0.0 160.184 -0.03877927383062815 0.9992478010589612 -0.0 -69.7275 -0.0 0.0 1.0 0
0.9993896952282576 0.034931891897955855 0.0 160.995 -0.034931891897955855 0.9993896952282576 -0.0 -69.7737 -0.0 0.0 1.0 0
0.9994867951420462 0.03203351895564228 0.0 161.815 -0.03203351895564228 0.9994867951420462 -0.0 -69.8167 -0.0 0.0 1.0 0
0.9995972864521033 0.02837719009330525 0.0 162.652 -0.02837719009330525 0.9995972864521033 -0.0 -69.8496 -0.0 0.0 1.0 0
0.9996621750046683 0.025991072793094386 0.0 163.485 -0.025991072793094386 0.9996621750046683 -0.0 -69.8889 -0.0 0.0 1.0 0
0.9997493320326051 0.022389129066580474 0.0 164.321 -0.022389129066580474 0.9997493320326051 -0.0 -69.9233 -0.0 0.0 1.0 0
0.9998470188686969 0.01749110800891966 0.0 165.127 -0.01749110800891966 0.9998470188686969 -0.0 -69.9493 -0.0 0.0 1.0 0
0.9999280488548444 0.011995712289974153 0.0 165.941 -0.011995712289974153 0.9999280488548444 -0.0 -69.9543 -0.0 0.0 1.0 0
0.9999873797385452 0.005023978865251035 0.0 166.748 -0.005023978865251035 0.9999873797385452 -0.0 -69.9726 -0.0 0.0 1.0 0
0.9999979232787188 -0.002037998589213814 0.0 167.573 0.002037998589213814 0.9999979232787188 0.0 -69.9892 0.0 0.0 1.0 0
0.9999542939876775 -0.009560854334494872 0.0 168.405 0.009560854334494872 0.9999542939876775 0.0 -69.999 0.0 0.0 1.0 0
0.999851532761899 -0.017231147195743233 0.0 169.239 0.017231147195743233 0.999851532761899 0.0 -69.9923 0.0 0.0 1.0 0
0.9997263026814484 -0.023394865395661758 0.0 170.068 0.023394865395661758 0.9997263026814484 0.0 -69.9723 0.0 0.0 1.0 0
0.9995641983695226 -0.02951971100626792 0.0 170.913 0.02951971100626792 0.9995641983695226 0.0 -69.9621 0.0 0.0 1.0 0
0.9993590694645293 -0.0357973501671558 0.0 171.739 0.0357973501671558 0.9993590694645293 0.0 -69.94 0.0 0.0 1.0 0
0.999054067668459 -0.043485283431366754 0.0 172.565 0.043485283431366754 0.999054067668459 0.0 -69.9074 0.0 0.0 1.0 0
0.9987694283547823 -0.04959464672584434 0.0 173.399 0.04959464672584434 0.9987694283547823 0.0 -69.867 0.0 0.0 1.0 0
0.9984368841916663 -0.05589086048395609 0.0 174.24 0.05589086048395609 0.9984368841916663 0.0 -69.8438 0.0 0.0 1.0 0
0.9981265798224319 -0.06118276433747116 0.0 175.086 0.06118276433747116 0.9981265798224319 0.0 -69.8189 0.0 0.0 1.0 0
0.9978018998184213 -0.06626740313871647 0.0 175.93 0.06626740313871647 0.9978018998184213 0.0 -69.7796 0.0 0.0 1.0 0
0.9975298320233843 -0.0702441045454962 0.0 176.766 0.0702441045454962 0.9975298320233843 0.0 -69.7301 0.0 0.0 1.0 0
0.9974078245083997 -0.07195576147482055 0.0 177.612 0.07195576147482055 0.9974078245083997 0.0 -69.6825 0.0 0.0 1.0 0
0.9972090127853931 -0.07466046356393552 0.0 178.45 0.07466046356393552 0.9972090127853931 0.0 -69.6456 0.0 0.0 1.0 0
0.9970298831992441 -0.07701566079507255 0.0 179.291 0.07701566079507255 0.9970298831992441 0.0 -69.5875 0.0 0.0 1.0 0
0.9968054611922671 -0.07986784420072793 0.0 180.142 0.07986784420072793 0.9968054611922671 0.0 -69.5118 0.0 0.0 1.0 0
0.9968216538258504 -0.07966549104785871 0.0 181.008 0.07966549104785871 0.9968216538258504 0.0 -69.4472 0.0 0.0 1.0 0
0.9968098524160276 -0.07981301977958988 0.0 181.856 0.07981301977958988 0.9968098524160276 0.0 -69.3845 0.0 0.0 1.0 0
0.9966684086615809 -0.08156030392287608 0.0 182.711 0.08156030392287608 0.9966684086615809 0.0 -69.3222 0.0 0.0 1.0 0
0.9964995339109379 -0.08359831885440899 0.0 183.559 0.08359831885440899 0.9964995339109379 0.0 -69.2557 0.0 0.0 1.0 0
0.9963075418926443 -0.08585617023742086 0.0 184.409 0.08585617023742086 0.9963075418926443 0.0 -69.1732 0.0 0.0 1.0 0
0.9961602343587612 -0.08754877202050196 0.0 185.258 0.08754877202050196 0.9961602343587612 0.0 -69.0933 0.0 0.0 1.0 0
0.9960966762411948 -0.08826897292505634 0.0 186.11 0.08826897292505634 0.9960966762411948 0.0 -69.0308 0.0 0.0 1.0 0
0.9959829655278233 -0.08954290802963057 0.0 186.966 0.08954290802963057 0.9959829655278233 0.0 -68.9678 0.0 0.0 1.0 0
0.9958084757826986 -0.0914629955738305 0.0 187.814 0.0914629955738305 0.9958084757826986 0.0 -68.8944 0.0 0.0 1.0 0
0.9957272334149131 -0.09234325441461948 0.0 188.656 0.09234325441461948 0.9957272334149131 0.0 -68.8193 0.0 0.0 1.0 0
