0.9449694880838309 -0.32715847320615526 0.0 7.44311 0.32715847320615526 0.9449694880838309 0.0 -78.1965 0.0 0.0 1.0 0
0.943872170592842 -0.3303109528616286 0.0 8.09307 0.3303109528616286 0.943872170592842 0.0 -77.9739 0.0 0.0 1.0 0
0.9424641750093035 -0.3343071623881742 0.0 8.75406 0.3343071623881742 0.9424641750093035 0.0 -77.7506 0.0 0.0 1.0 0
0.9410399367677887 -0.3382954883058243 0.0 9.42526 0.3382954883058243 0.9410399367677887 0.0 -77.5174 0.0 0.0 1.0 0
0.9393449350433932 -0.3429738955202325 0.0 10.1175 0.3429738955202325 0.9393449350433932 0.0 -77.2794 0.0 0.0 1.0 0
0.9378257206128529 -0.34710649339501465 0.0 10.8168 0.34710649339501465 0.9378257206128529 0.0 -77.0308 0.0 0.0 1.0 0
0.9366362869010048 -0.3503033914484683 0.0 11.5456 0.3503033914484683 0.9366362869010048 0.0 -76.7727 0.0 0.0 1.0 0
0.9352513030496571 -0.3539844631391587 0.0 12.278 0.3539844631391587 0.9352513030496571 0.0 -76.5117 0.0 0.0 1.0 0
0.9341294722338166 -0.3569343484510439 0.0 13.0325 0.3569343484510439 0.9341294722338166 0.0 -76.2394 0.0 0.0 1.0 0
0.9329166202307164 -0.36009245992841526 0.0 13.7891 0.36009245992841526 0.9329166202307164 0.0 -75.958 0.0 0.0 1.0 0
0.9321706787283269 -0.36201909579353725 0.0 14.5608 0.36201909579353725 0.9321706787283269 0.0 -75.6716 0.0 0.0 1.0 0
0.9311850915683002 -0.3645467394463106 0.0 15.3179 0.3645467394463106 0.9311850915683002 0.0 -75.3767 0.0 0.0 1.0 0
0.930388900774483 -0.3665739943253601 0.0 16.0791 0.3665739943253601 0.930388900774483 0.0 -75.0759 0.0 0.0 1.0 0
0.9298413049867 -0.36796079620066946 0.0 16.8436 0.36796079620066946 0.9298413049867 0.0 -74.768 0.0 0.0 1.0 0
0.9290731958604956 -0.3698959268950729 0.0 17.6149 0.3698959268950729 0.9290731958604956 0.0 -74.4602 0.0 0.0 1.0 0
0.9285314152872385 -0.37125383610769314 0.0 18.3979 0.37125383610769314 0.9285314152872385 0.0 -74.1387 0.0 0.0 1.0 0
0.9277396585760957 -0.3732279811390207 0.0 19.1882 0.3732279811390207 0.9277396585760957 0.0 -73.8218 0.0 0.0 1.0 0
0.9271139501165157 -0.3747795665445902 0.0 19.9814 0.3747795665445902 0.9271139501165157 0.0 -73.4993 0.0 0.0 1.0 0
0.9264182688005845 -0.3764959378698899 0.0 20.7879 0.3764959378698899 0.9264182688005845 0.0 -73.1755 0.0 0.0 1.0 0
0.9260409322937373 -0.3774230937774553 0.0 21.6082 0.3774230937774553 0.9260409322937373 0.0 -72.8408 0.0 0.0 1.0 0
0.9253816774958712 -0.3790366089903818 0.0 22.4337 0.3790366089903818 0.9253816774958712 0.0 -72.4953 0.0 0.0 1.0 0
0.9248238744489192 -0.38039558521267 0.0 23.2652 0.38039558521267 0.9248238744489192 0.0 -72.159 0.0 0.0 1.0 0
0.9242869792292177 -0.3816982840246048 0.0 24.1087 0.3816982840246048 0.9242869792292177 0.0 -71.8074 0.0 0.0 1.0 0
0.9236478712777366 -0.3832422339514602 0.0 24.9597 0.3832422339514602 0.9236478712777366 0.0 -71.4585 0.0 0.0 1.0 0
0.9230735075404346 -0.3846235818004393 0.0 25.804 0.3846235818004393 0.9230735075404346 0.0 -71.1026 0.0 0.0 1.0 0
0.9227963393248221 -0.38528809497401784 0.0 26.6642 0.38528809497401784 0.9227963393248221 0.0 -70.7382 0.0 0.0 1.0 0
0.9227412336922974 -0.38542005091071335 0.0 27.5188 0.38542005091071335 0.9227412336922974 0.0 -70.3799 0.0 0.0 1.0 0
0.92306350701531 -0.3846475815816299 0.0 28.3851 0.3846475815816299 0.92306350701531 0.0 -70.0228 0.0 0.0 1.0 0
0.9236007254961451 -0.3833558397403049 0.0 29.2713 0.3833558397403049 0.9236007254961451 0.0 -69.6572 0.0 0.0 1.0 0
0.9241877064355896 -0.38193858573509504 0.0 30.1487 0.38193858573509504 0.9241877064355896 0.0 -69.2939 0.0 0.0 1.0 0
0.9247706100038895 -0.3805250568267932 0.0 31.0296 0.3805250568267932 0.9247706100038895 0.0 -68.9317 0.0 0.0 1.0 0
0.9251358675047074 -0.379636176695942 0.0 31.9108 0.379636176695942 0.9251358675047074 0.0 -68.5688 0.0 0.0 1.0 0
0.9255540433584419 -0.37861552110662267 0.0 32.7984 0.37861552110662267 0.9255540433584419 0.0 -68.2017 0.0 0.0 1.0 0
0.9257526889449781 -0.37812955307823093 0.0 33.6967 0.37812955307823093 0.9257526889449781 0.0 -67.8269 0.0 0.0 1.0 0
0.9256115822254282 -0.3784748325188075 0.0 34.6009 0.3784748325188075 0.9256115822254282 0.0 -67.45 0.0 0.0 1.0 0
0.925232644650236 -0.3794002547093638 0.0 35.5011 0.3794002547093638 0.925232644650236 0.0 -67.0704 0.0 0.0 1.0 0
0.9248326233027624 -0.3803743141629449 0.0 36.4209 0.3803743141629449 0.9248326233027624 0.0 -66.6768 0.0 0.0 1.0 0
0.9241647884569214 -0.3819940363099584 0.0 37.3421 0.3819940363099584 0.9241647884569214 0.0 -66.2856 0.0 0.0 1.0 0
0.9236474880350408 -0.3832431575991398 0.0 38.2731 0.3832431575991398 0.9236474880350408 0.0 -65.8945 0.0 0.0 1.0 0
0.9227204196642017 -0.3854698783753661 0.0 39.2087 0.3854698783753661 0.9227204196642017 0.0 -65.5035 0.0 0.0 1.0 0
0.9223839391619567 -0.38627434392678967 0.0 40.1609 0.38627434392678967 0.9223839391619567 0.0 -65.0966 0.0 0.0 1.0 0
0.921807754358172 -0.38764734489629105 0.0 41.1053 0.38764734489629105 0.921807754358172 0.0 -64.6986 0.0 0.0 1.0 0
0.9213757319990045 -0.3886730766123359 0.0 42.0563 0.3886730766123359 0.9213757319990045 0.0 -64.2957 0.0 0.0 1.0 0
0.9208384859896901 -0.3899442046244761 0.0 42.9883 0.3899442046244761 0.9208384859896901 0.0 -63.8927 0.0 0.0 1.0 0
0.920909440583613 -0.3897766055626953 0.0 43.9333 0.3897766055626953 0.920909440583613 0.0 -63.4842 0.0 0.0 1.0 0
0.9206141158582783 -0.390473622262094 0.0 44.8701 0.390473622262094 0.9206141158582783 0.0 -63.0906 0.0 0.0 1.0 0
0.9204480814308517 -0.3908648479849067 0.0 45.7903 0.3908648479849067 0.9204480814308517 0.0 -62.6934 0.0 0.0 1.0 0
0.9205192035883312 -0.3906973199615075 0.0 46.7058 0.3906973199615075 0.9205192035883312 0.0 -62.304 0.0 0.0 1.0 0
0.920460197798862 -0.3908363139065763 0.0 47.6287 0.3908363139065763 0.920460197798862 0.0 -61.9142 0.0 0.0 1.0 0
0.9201574148093095 -0.3915486329582168 0.0 48.5543 0.3915486329582168 0.9201574148093095 0.0 -61.5181 0.0 0.0 1.0 0
0.9195619840425455 -0.3929449802500818 0.0 49.4586 0.3929449802500818 0.9195619840425455 0.0 -61.1236 0.0 0.0 1.0 0
0.919167791616303 -0.3938661839447612 0.0 50.3945 0.3938661839447612 0.919167791616303 0.0 -60.7149 0.0 0.0 1.0 0
0.9191709425163612 -0.3938588305898247 0.0 51.3022 0.3938588305898247 0.9191709425163612 0.0 -60.3272 0.0 0.0 1.0 0
0.9185625196547011 -0.3952757233699116 0.0 52.1781 0.3952757233699116 0.9185625196547011 0.0 -59.933 0.0 0.0 1.0 0
0.9182804546034725 -0.39593055791797604 0.0 53.0659 0.39593055791797604 0.9182804546034725 0.0 -59.5438 0.0 0.0 1.0 0
0.918213529225999 -0.396085741659979 0.0 53.9667 0.396085741659979 0.918213529225999 0.0 -59.1468 0.0 0.0 1.0 0
0.9181006075002073 -0.39634741642623367 0.0 54.8624 0.39634741642623367 0.9181006075002073 0.0 -58.749 0.0 0.0 1.0 0
0.9178253213201445 -0.39698448274910386 0.0 55.7426 0.39698448274910386 0.9178253213201445 0.0 -58.359 0.0 0.0 1.0 0
0.917689896251328 -0.3972974380967324 0.0 56.6258 0.3972974380967324 0.917689896251328 0.0 -57.9645 0.0 0.0 1.0 0
0.9174915305850966 -0.39775531587222906 0.0 57.5092 0.39775531587222906 0.9174915305850966 0.0 -57.5663 0.0 0.0 1.0 0
0.9169872372322863 -0.39891654108735425 0.0 58.3835 0.39891654108735425 0.9169872372322863 0.0 -57.1773 0.0 0.0 1.0 0
0.9163710179802971 -0.4003300605822077 0.0 59.261 0.4003300605822077 0.9163710179802971 0.0 -56.7817 0.0 0.0 1.0 0
0.9160412360353162 -0.4010840982672962 0.0 60.1299 0.4010840982672962 0.9160412360353162 0.0 -56.3921 0.0 0.0 1.0 0
0.9158008223365702 -0.4016327349801828 0.0 61.0023 0.4016327349801828 0.9158008223365702 0.0 -56.0068 0.0 0.0 1.0 0
0.9152803429977175 -0.4028174446594641 0.0 61.8679 0.4028174446594641 0.9152803429977175 0.0 -55.6284 0.0 0.0 1.0 0
0.9146775124901252 -0.4041844234317757 0.0 62.7115 0.4041844234317757 0.9146775124901252 0.0 -55.2541 0.0 0.0 1.0 0
0.9142534249949669 -0.40514278333073206 0.0 63.5532 0.40514278333073206 0.9142534249949669 0.0 -54.8822 0.0 0.0 1.0 0
0.9138055902997333 -0.4061518720096659 0.0 64.3878 0.4061518720096659 0.9138055902997333 0.0 -54.5168 0.0 0.0 1.0 0
0.9132002248888081 -0.40751116458697206 0.0 65.2153 0.40751116458697206 0.9132002248888081 0.0 -54.1496 0.0 0.0 1.0 0
0.9127326175362453 -0.4085574242201873 0.0 66.0512 0.4085574242201873 0.9127326175362453 0.0 -53.7787 0.0 0.0 1.0 0
0.912177774701748 -0.4097947136557121 0.0 66.8354 0.4097947136557121 0.912177774701748 0.0 -53.4241 0.0 0.0 1.0 0
0.9114283807038461 -0.41145875473437776 0.0 67.6294 0.41145875473437776 0.9114283807038461 0.0 -53.066 0.0 0.0 1.0 0
0.9108328714677069 -0.4127753387181601 0.0 68.4125 0.4127753387181601 0.9108328714677069 0.0 -52.7127 0.0 0.0 1.0 0
0.9102756229407256 -0.41400276602925495 0.0 69.1775 0.41400276602925495 0.9102756229407256 0.0 -52.367 0.0 0.0 1.0 0
0.9096511027420214 -0.4153731711127047 0.0 69.9241 0.4153731711127047 0.9096511027420214 0.0 -52.0224 0.0 0.0 1.0 0
0.9090507724042316 -0.41668536474331563 0.0 70.6575 0.41668536474331563 0.9090507724042316 0.0 -51.6889 0.0 0.0 1.0 0
0.908469865846489 -0.41795035931179936 0.0 71.3748 0.41795035931179936 0.908469865846489 0.0 -51.3641 0.0 0.0 1.0 0
0.9076611104712384 -0.41970383431429154 0.0 72.0854 0.41970383431429154 0.9076611104712384 0.0 -51.0398 0.0 0.0 1.0 0
0.9070974716833662 -0.4209206301259713 0.0 72.774 0.4209206301259713 0.9070974716833662 0.0 -50.7258 0.0 0.0 1.0 0
0.9064566246931426 -0.42229893150458636 0.0 73.4455 0.42229893150458636 0.9064566246931426 0.0 -50.4101 0.0 0.0 1.0 0
0.905849269035789 -0.4236001673598899 0.0 74.0896 0.4236001673598899 0.905849269035789 0.0 -50.1125 0.0 0.0 1.0 0
0.9056314188984792 -0.42406571790693864 0.0 74.7182 0.42406571790693864 0.9056314188984792 0.0 -49.8214 0.0 0.0 1.0 0
0.9051265647236887 -0.42514221365502414 0.0 75.3312 0.42514221365502414 0.9051265647236887 0.0 -49.5398 0.0 0.0 1.0 0
0.9045616042400525 -0.42634294193133143 0.0 75.9192 0.42634294193133143 0.9045616042400525 0.0 -49.271 0.0 0.0 1.0 0
0.9041125910069425 -0.42729430464577106 0.0 76.4932 0.42729430464577106 0.9041125910069425 0.0 -49.0011 0.0 0.0 1.0 0
0.9040104418471969 -0.4275103753492256 0.0 77.0408 0.4275103753492256 0.9040104418471969 0.0 -48.7286 0.0 0.0 1.0 0
0.9043542947515164 -0.4267825085034383 0.0 77.5745 0.4267825085034383 0.9043542947515164 0.0 -48.4672 0.0 0.0 1.0 0
0.9055546481692617 -0.4242296302464558 0.0 78.1025 0.4242296302464558 0.9055546481692617 0.0 -48.2213 0.0 0.0 1.0 0
0.9072527296367092 -0.42058588251002943 0.0 78.6287 0.42058588251002943 0.9072527296367092 0.0 -47.983 0.0 0.0 1.0 0
0.9090195184451999 -0.4167535423792544 0.0 79.1335 0.4167535423792544 0.9090195184451999 0.0 -47.7386 0.0 0.0 1.0 0
0.911227068409969 -0.4119043940005662 0.0 79.6157 0.4119043940005662 0.911227068409969 0.0 -47.5002 0.0 0.0 1.0 0
0.9145420593859667 -0.4044908177129304 0.0 80.0909 0.4044908177129304 0.9145420593859667 0.0 -47.2699 0.0 0.0 1.0 0
0.9188014933443333 -0.39471992073902623 0.0 80.5604 0.39471992073902623 0.9188014933443333 0.0 -47.0555 0.0 0.0 1.0 0
0.9246103270060652 -0.38091435151978364 0.0 81.0175 0.38091435151978364 0.9246103270060652 0.0 -46.8515 0.0 0.0 1.0 0
0.9312426783298409 -0.3643996076521826 0.0 81.462 0.3643996076521826 0.9312426783298409 0.0 -46.6566 0.0 0.0 1.0 0
0.9390406915207349 -0.34380602040723496 0.0 81.8994 0.34380602040723496 0.9390406915207349 0.0 -46.4607 0.0 0.0 1.0 0
0.947700846214668 -0.3191600007582439 0.0 82.3294 0.3191600007582439 0.947700846214668 0.0 -46.2664 0.0 0.0 1.0 0
0.956705855018281 -0.2910565357000938 0.0 82.7542 0.2910565357000938 0.956705855018281 0.0 -46.0889 0.0 0.0 1.0 0
0.9656811714844693 -0.25973038913531654 0.0 83.1778 0.25973038913531654 0.9656811714844693 0.0 -45.9173 0.0 0.0 1.0 0
0.9747798262653983 -0.22316874849763343 0.0 83.5999 0.22316874849763343 0.9747798262653983 0.0 -45.7642 0.0 0.0 1.0 0
0.9832874339506229 -0.18205994132372827 0.0 84.0218 0.18205994132372827 0.9832874339506229 0.0 -45.6231 0.0 0.0 1.0 0
0.9905654596642289 -0.137040395942929 0.0 84.4369 0.137040395942929 0.9905654596642289 0.0 -45.4975 0.0 0.0 1.0 0
0.9961851278488996 -0.08726506203900591 0.0 84.8445 0.08726506203900591 0.9961851278488996 0.0 -45.3906 0.0 0.0 1.0 0
0.9994692535932705 -0.03257623553620886 0.0 85.2488 0.03257623553620886 0.9994692535932705 0.0 -45.2955 0.0 0.0 1.0 0
0.9996483097220704 0.02651899073885572 0.0 85.652 -0.02651899073885572 0.9996483097220704 -0.0 -45.2242 -0.0 0.0 1.0 0
0.9961180081647314 0.08802791494706676 0.0 86.0579 -0.08802791494706676 0.9961180081647314 -0.0 -45.1705 -0.0 0.0 1.0 0
0.9883352254743448 0.15229406451525293 0.0 86.451 -0.15229406451525293 0.9883352254743448 -0.0 -45.1436 -0.0 0.0 1.0 0
0.9761551491101963 0.21707400780759187 0.0 86.8444 -0.21707400780759187 0.9761551491101963 -0.0 -45.1322 -0.0 0.0 1.0 0
0.9597243269070133 0.2809434397576857 0.0 87.2308 -0.2809434397576857 0.9597243269070133 -0.0 -45.153 -0.0 0.0 1.0 0
0.9395358257779103 0.34245062721481523 0.0 87.6173 -0.34245062721481523 0.9395358257779103 -0.0 -45.1964 -0.0 0.0 1.0 0
0.9155242822922995 0.4022627108410248 0.0 87.9962 -0.4022627108410248 0.9155242822922995 -0.0 -45.2676 -0.0 0.0 1.0 0
0.8880519094028915 0.4597431959321189 0.0 88.3667 -0.4597431959321189 0.8880519094028915 -0.0 -45.3608 -0.0 0.0 1.0 0
0.8580159813084851 0.5136229899636865 0.0 88.7264 -0.5136229899636865 0.8580159813084851 -0.0 -45.4701 -0.0 0.0 1.0 0
0.8263557021397528 0.5631485181913526 0.0 89.0849 -0.5631485181913526 0.8263557021397528 -0.0 -45.5995 -0.0 0.0 1.0 0
0.7931782700195256 0.608989517125568 0.0 89.4185 -0.608989517125568 0.7931782700195256 -0.0 -45.7587 -0.0 0.0 1.0 0
0.7584400905826375 0.6517427629034331 0.0 89.7391 -0.6517427629034331 0.7584400905826375 -0.0 -45.9406 -0.0 0.0 1.0 0
0.7237707624309938 0.6900404940654264 0.0 90.0462 -0.6900404940654264 0.7237707624309938 -0.0 -46.1416 -0.0 0.0 1.0 0
0.6906542398262279 0.7231851222267057 0.0 90.3546 -0.7231851222267057 0.6906542398262279 -0.0 -46.3552 -0.0 0.0 1.0 0
0.6590457863227736 0.7521028197860963 0.0 90.6565 -0.7521028197860963 0.6590457863227736 -0.0 -46.5748 -0.0 0.0 1.0 0
0.6302268283845741 0.7764110668868139 0.0 90.9402 -0.7764110668868139 0.6302268283845741 -0.0 -46.8242 -0.0 0.0 1.0 0
0.6026807921219326 0.7979823699852523 0.0 91.1945 -0.7979823699852523 0.6026807921219326 -0.0 -47.0909 -0.0 0.0 1.0 0
0.5766957583074178 0.8169589967374326 0.0 91.4363 -0.8169589967374326 0.5766957583074178 -0.0 -47.3856 -0.0 0.0 1.0 0
0.5526106076299953 0.8334395696958523 0.0 91.6774 -0.8334395696958523 0.5526106076299953 -0.0 -47.6958 -0.0 0.0 1.0 0
0.5306576843372292 0.847586232812833 0.0 91.9237 -0.847586232812833 0.5306576843372292 -0.0 -48.0084 -0.0 0.0 1.0 0
0.510259350805222 0.8600205781932391 0.0 92.1696 -0.8600205781932391 0.510259350805222 -0.0 -48.3319 -0.0 0.0 1.0 0
0.4926099767820906 0.870250200100378 0.0 92.4118 -0.870250200100378 0.4926099767820906 -0.0 -48.6723 -0.0 0.0 1.0 0
0.47488761760967224 0.8800464480020413 0.0 92.6368 -0.8800464480020413 0.47488761760967224 -0.0 -49.0329 -0.0 0.0 1.0 0
0.4594326398742774 0.888212614984809 0.0 92.86 -0.888212614984809 0.4594326398742774 -0.0 -49.4179 -0.0 0.0 1.0 0
0.44566442016826224 0.8952001031032596 0.0 93.0819 -0.8952001031032596 0.44566442016826224 -0.0 -49.8211 -0.0 0.0 1.0 0
0.43271876323118164 0.9015289634546838 0.0 93.3065 -0.9015289634546838 0.43271876323118164 -0.0 -50.2374 -0.0 0.0 1.0 0
0.420708654262551 0.9071958047900098 0.0 93.5312 -0.9071958047900098 0.420708654262551 -0.0 -50.669 -0.0 0.0 1.0 0
0.4099290974358135 0.9121173910607447 0.0 93.7444 -0.9121173910607447 0.4099290974358135 -0.0 -51.1164 -0.0 0.0 1.0 0
0.4004577317330713 0.9163152323819591 0.0 93.9575 -0.9163152323819591 0.4004577317330713 -0.0 -51.5852 -0.0 0.0 1.0 0
0.3928478049941433 0.9196035026636662 0.0 94.1611 -0.9196035026636662 0.3928478049941433 -0.0 -52.0659 -0.0 0.0 1.0 0
0.38725860881408514 0.9219711328991701 0.0 94.3675 -0.9219711328991701 0.38725860881408514 -0.0 -52.5688 -0.0 0.0 1.0 0
0.3818492397627924 0.9242246253441733 0.0 94.5816 -0.9242246253441733 0.3818492397627924 -0.0 -53.0947 -0.0 0.0 1.0 0
0.3758893560133991 0.9266645520552904 0.0 94.8041 -0.9266645520552904 0.3758893560133991 -0.0 -53.6373 -0.0 0.0 1.0 0
0.3713906296355066 0.9284767095726969 0.0 95.0347 -0.9284767095726969 0.3713906296355066 -0.0 -54.2028 -0.0 0.0 1.0 0
0.36844549736351206 0.9296493508159699 0.0 95.269 -0.9296493508159699 0.36844549736351206 -0.0 -54.7864 -0.0 0.0 1.0 0
0.36523602075656403 0.930914952690046 0.0 95.5055 -0.930914952690046 0.36523602075656403 -0.0 -55.3903 -0.0 0.0 1.0 0
0.3626839459556894 0.9319122036683556 0.0 95.744 -0.9319122036683556 0.3626839459556894 -0.0 -56.0032 -0.0 0.0 1.0 0
0.36158403731002065 0.9323395218280655 0.0 95.9879 -0.9323395218280655 0.36158403731002065 -0.0 -56.631 -0.0 0.0 1.0 0
0.36228319019033084 0.9320680716050286 0.0 96.2381 -0.9320680716050286 0.36228319019033084 -0.0 -57.2782 -0.0 0.0 1.0 0
0.36407209202812973 0.9313707703198877 0.0 96.4882 -0.9313707703198877 0.36407209202812973 -0.0 -57.942 -0.0 0.0 1.0 0
0.36735755568872175 0.9300797956511085 0.0 96.7443 -0.9300797956511085 0.36735755568872175 -0.0 -58.6171 -0.0 0.0 1.0 0
0.3713070652276259 0.9285101309689883 0.0 97.0137 -0.9285101309689883 0.3713070652276259 -0.0 -59.316 -0.0 0.0 1.0 0
0.3749903147017285 0.927028728724142 0.0 97.2866 -0.927028728724142 0.3749903147017285 -0.0 -60.0266 -0.0 0.0 1.0 0
0.37851030796608565 0.9255970758183169 0.0 97.5574 -0.9255970758183169 0.37851030796608565 -0.0 -60.7492 -0.0 0.0 1.0 0
0.3820155940084985 0.9241558775089481 0.0 97.8314 -0.9241558775089481 0.3820155940084985 -0.0 -61.4855 -0.0 0.0 1.0 0
0.385543073615936 0.922689838671033 0.0 98.1199 -0.922689838671033 0.385543073615936 -0.0 -62.233 -0.0 0.0 1.0 0
0.3887516932354489 0.9213425644170421 0.0 98.4015 -0.9213425644170421 0.3887516932354489 -0.0 -62.9791 -0.0 0.0 1.0 0
0.3913115200520374 0.9202582758522544 0.0 98.6912 -0.9202582758522544 0.3913115200520374 -0.0 -63.7329 -0.0 0.0 1.0 0
0.39253511710265876 0.9197370177617089 0.0 98.9793 -0.9197370177617089 0.39253511710265876 -0.0 -64.4818 -0.0 0.0 1.0 0
0.3921579919433651 0.9198978798513168 0.0 99.282 -0.9198978798513168 0.3921579919433651 -0.0 -65.2432 -0.0 0.0 1.0 0
0.39208439885815016 0.9199292495469655 0.0 99.5778 -0.9199292495469655 0.39208439885815016 -0.0 -65.998 -0.0 0.0 1.0 0
0.3919280052208607 0.9199958906014728 0.0 99.8784 -0.9199958906014728 0.3919280052208607 -0.0 -66.7713 -0.0 0.0 1.0 0
0.3915047656601267 0.9201760801419526 0.0 100.202 -0.9201760801419526 0.3915047656601267 -0.0 -67.5503 -0.0 0.0 1.0 0
0.391458756366758 0.9201956542300073 0.0 100.508 -0.9201956542300073 0.391458756366758 -0.0 -68.3129 -0.0 0.0 1.0 0
0.3912378981378506 0.9202895778289988 0.0 100.815 -0.9202895778289988 0.3912378981378506 -0.0 -69.0768 -0.0 0.0 1.0 0
0.391109053763244 0.9203443421157214 0.0 101.122 -0.9203443421157214 0.391109053763244 -0.0 -69.8347 -0.0 0.0 1.0 0
0.38972809777016093 0.9209299700891768 0.0 101.427 -0.9209299700891768 0.38972809777016093 -0.0 -70.5908 -0.0 0.0 1.0 0
0.3871571896467563 0.9220137257681285 0.0 101.743 -0.9220137257681285 0.3871571896467563 -0.0 -71.3481 -0.0 0.0 1.0 0
0.38378926807221037 0.9234207046155058 0.0 102.066 -0.9234207046155058 0.38378926807221037 -0.0 -72.0977 -0.0 0.0 1.0 0
0.3791488797933472 0.9253356833881691 0.0 102.381 -0.9253356833881691 0.3791488797933472 -0.0 -72.8567 -0.0 0.0 1.0 0
0.3734045480937107 0.9276686064877542 0.0 102.697 -0.9276686064877542 0.3734045480937107 -0.0 -73.6155 -0.0 0.0 1.0 0
0.3663342458685295 0.9304833261826544 0.0 103.003 -0.9304833261826544 0.3663342458685295 -0.0 -74.3673 -0.0 0.0 1.0 0
0.3582252792192758 0.9336351799971292 0.0 103.307 -0.9336351799971292 0.3582252792192758 -0.0 -75.1279 -0.0 0.0 1.0 0
0.3488336848029333 0.9371846458125569 0.0 103.607 -0.9371846458125569 0.3488336848029333 -0.0 -75.8875 -0.0 0.0 1.0 0
0.33922820003106735 0.940704113047074 0.0 103.897 -0.940704113047074 0.33922820003106735 -0.0 -76.639 -0.0 0.0 1.0 0
0.3290112367383572 0.9443260062604951 0.0 104.175 -0.9443260062604951 0.3290112367383572 -0.0 -77.389 -0.0 0.0 1.0 0
0.3181678930333399 0.9480343832597661 0.0 104.443 -0.9480343832597661 0.3181678930333399 -0.0 -78.1409 -0.0 0.0 1.0 0
0.30778707878071443 0.9514552612370349 0.0 104.693 -0.9514552612370349 0.30778707878071443 -0.0 -78.875 -0.0 0.0 1.0 0
0.29718808490491033 0.9548189578085219 0.0 104.936 -0.9548189578085219 0.29718808490491033 -0.0 -79.624 -0.0 0.0 1.0 0
0.28737617227054946 0.9578177987546105 0.0 105.167 -0.9578177987546105 0.28737617227054946 -0.0 -80.358 -0.0 0.0 1.0 0
0.2775724369121082 0.9607047112753604 0.0 105.389 -0.9607047112753604 0.2775724369121082 -0.0 -81.0942 -0.0 0.0 1.0 0
0.267951671409815 0.9634323545473685 0.0 105.595 -0.9634323545473685 0.267951671409815 -0.0 -81.8484 -0.0 0.0 1.0 0
0.2581302153221161 0.9661101344762708 0.0 105.788 -0.9661101344762708 0.2581302153221161 -0.0 -82.575 -0.0 0.0 1.0 0
0.2488341204915251 0.9685461168572251 0.0 105.971 -0.9685461168572251 0.2488341204915251 -0.0 -83.2974 -0.0 0.0 1.0 0
0.24033051071563338 0.970691117513271 0.0 106.15 -0.970691117513271 0.24033051071563338 -0.0 -84.0158 -0.0 0.0 1.0 0
0.23257682567931437 0.9725780277987642 0.0 106.315 -0.9725780277987642 0.23257682567931437 -0.0 -84.7339 -0.0 0.0 1.0 0
0.2274481335387316 0.9737901963717581 0.0 106.478 -0.9737901963717581 0.2274481335387316 -0.0 -85.4317 -0.0 0.0 1.0 0
0.22363888494984419 0.9746720726164213 0.0 106.634 -0.9746720726164213 0.22363888494984419 -0.0 -86.128 -0.0 0.0 1.0 0
0.22091868298201467 0.9752922308259676 0.0 106.78 -0.9752922308259676 0.22091868298201467 -0.0 -86.818 -0.0 0.0 1.0 0
0.21926036776079239 0.9756663831092071 0.0 106.918 -0.9756663831092071 0.21926036776079239 -0.0 -87.4912 -0.0 0.0 1.0 0
0.21828459191011929 0.9758851556072736 0.0 107.045 -0.9758851556072736 0.21828459191011929 -0.0 -88.1494 -0.0 0.0 1.0 0
0.21924085438927943 0.9756707681214287 0.0 107.174 -0.9756707681214287 0.21924085438927943 -0.0 -88.7946 -0.0 0.0 1.0 0
0.221864612366376 0.9750774809108852 0.0 107.313 -0.9750774809108852 0.221864612366376 -0.0 -89.4283 -0.0 0.0 1.0 0
0.22649371007845642 0.9740126278929324 0.0 107.444 -0.9740126278929324 0.22649371007845642 -0.0 -90.0402 -0.0 0.0 1.0 0
0.234434024351314 0.9721320323013986 0.0 107.576 -0.9721320323013986 0.234434024351314 -0.0 -90.6279 -0.0 0.0 1.0 0
0.24492886956364057 0.9695410506287381 0.0 107.695 -0.9695410506287381 0.24492886956364057 -0.0 -91.1973 -0.0 0.0 1.0 0
0.25793698813390487 0.9661617411967883 0.0 107.817 -0.9661617411967883 0.25793698813390487 -0.0 -91.7464 -0.0 0.0 1.0 0
0.2745063817795913 0.9615852777379015 0.0 107.934 -0.9615852777379015 0.2745063817795913 -0.0 -92.2751 -0.0 0.0 1.0 0
0.2947618886910468 0.9555707346791691 0.0 108.054 -0.9555707346791691 0.2947618886910468 -0.0 -92.7916 -0.0 0.0 1.0 0
0.3183859325240266 0.9479611795695043 0.0 108.182 -0.9479611795695043 0.3183859325240266 -0.0 -93.2986 -0.0 0.0 1.0 0
0.3449695343687089 0.9386138824657541 0.0 108.315 -0.9386138824657541 0.3449695343687089 -0.0 -93.8085 -0.0 0.0 1.0 0
0.3761302760891587 0.9265667895025665 0.0 108.459 -0.9265667895025665 0.3761302760891587 -0.0 -94.3067 -0.0 0.0 1.0 0
0.41070424903797875 0.9117686218674944 0.0 108.609 -0.9117686218674944 0.41070424903797875 -0.0 -94.7993 -0.0 0.0 1.0 0
0.4488127570465841 0.8936258216458632 0.0 108.776 -0.8936258216458632 0.4488127570465841 -0.0 -95.2826 -0.0 0.0 1.0 0
0.4892558709375575 0.872140294191899 0.0 108.956 -0.872140294191899 0.4892558709375575 -0.0 -95.756 -0.0 0.0 1.0 0
0.5316574664160095 0.8469594668011626 0.0 109.154 -0.8469594668011626 0.5316574664160095 -0.0 -96.2229 -0.0 0.0 1.0 0
0.5756144171664561 0.8177212500296914 0.0 109.367 -0.8177212500296914 0.5756144171664561 -0.0 -96.6776 -0.0 0.0 1.0 0
0.6216170181876758 0.7833213151060443 0.0 109.599 -0.7833213151060443 0.6216170181876758 -0.0 -97.1124 -0.0 0.0 1.0 0
0.6689871973886861 0.7432739264430249 0.0 109.85 -0.7432739264430249 0.6689871973886861 -0.0 -97.5267 -0.0 0.0 1.0 0
0.7166320534819107 0.697451431945121 0.0 110.123 -0.697451431945121 0.7166320534819107 -0.0 -97.9186 -0.0 0.0 1.0 0
0.762248200945502 0.6472848524068406 0.0 110.419 -0.6472848524068406 0.762248200945502 -0.0 -98.2946 -0.0 0.0 1.0 0
0.804849791783162 0.593478569677626 0.0 110.723 -0.593478569677626 0.804849791783162 -0.0 -98.6531 -0.0 0.0 1.0 0
0.8443775810420256 0.5357485423532363 0.0 111.059 -0.5357485423532363 0.8443775810420256 -0.0 -98.9843 -0.0 0.0 1.0 0
0.8795741305057141 0.4757618615916128 0.0 111.418 -0.4757618615916128 0.8795741305057141 -0.0 -99.2925 -0.0 0.0 1.0 0
0.9101530382464161 0.41427218947307787 0.0 111.799 -0.41427218947307787 0.9101530382464161 -0.0 -99.5747 -0.0 0.0 1.0 0
0.9362444137787893 0.35134939542855514 0.0 112.192 -0.35134939542855514 0.9362444137787893 -0.0 -99.831 -0.0 0.0 1.0 0
0.9577891502926582 0.2874716396127933 0.0 112.606 -0.2874716396127933 0.9577891502926582 -0.0 -100.064 -0.0 0.0 1.0 0
0.9745097515979442 0.22434514490069332 0.0 113.035 -0.22434514490069332 0.9745097515979442 -0.0 -100.27 -0.0 0.0 1.0 0
0.9864303431381877 0.16418032201295427 0.0 113.474 -0.16418032201295427 0.9864303431381877 -0.0 -100.445 -0.0 0.0 1.0 0
0.9941107642495941 0.1083687611956876 0.0 113.926 -0.1083687611956876 0.9941107642495941 -0.0 -100.594 -0.0 0.0 1.0 0
0.9982758246377722 0.058697341879985786 0.0 114.389 -0.058697341879985786 0.9982758246377722 -0.0 -100.711 -0.0 0.0 1.0 0
0.9998692732493015 0.016168995389745516 0.0 114.855 -0.016168995389745516 0.9998692732493015 -0.0 -100.806 -0.0 0.0 1.0 0
0.9997794451033872 -0.02100145587246363 0.0 115.34 0.02100145587246363 0.9997794451033872 0.0 -100.864 0.0 0.0 1.0 0
0.9985958181442013 -0.052975390370560725 0.0 115.826 0.052975390370560725 0.9985958181442013 0.0 -100.894 0.0 0.0 1.0 0
0.9971517037899854 -0.07542201024057338 0.0 116.304 0.07542201024057338 0.9971517037899854 0.0 -100.893 0.0 0.0 1.0 0
0.995818923498205 -0.09134917406783769 0.0 116.803 0.09134917406783769 0.995818923498205 0.0 -100.874 0.0 0.0 1.0 0
0.9945799379832547 -0.10397474193872855 0.0 117.305 0.10397474193872855 0.9945799379832547 0.0 -100.858 0.0 0.0 1.0 0
0.9935034591848453 -0.11380191820767577 0.0 117.814 0.11380191820767577 0.9935034591848453 0.0 -100.827 0.0 0.0 1.0 0
0.9928022897124832 -0.11976482597845918 0.0 118.328 0.11976482597845918 0.9928022897124832 0.0 -100.788 0.0 0.0 1.0 0
0.9924675903115212 -0.12250747806253505 0.0 118.855 0.12250747806253505 0.9924675903115212 0.0 -100.739 0.0 0.0 1.0 0
0.9924113777965462 -0.12296201535417724 0.0 119.4 0.12296201535417724 0.9924113777965462 0.0 -100.682 0.0 0.0 1.0 0
0.992740960268311 -0.1202721322898683 0.0 119.956 0.1202721322898683 0.992740960268311 0.0 -100.61 0.0 0.0 1.0 0
0.9932180592307708 -0.11626644751544274 0.0 120.511 0.11626644751544274 0.9932180592307708 0.0 -100.528 0.0 0.0 1.0 0
0.9937418162800807 -0.11170139916924167 0.0 121.079 0.11170139916924167 0.9937418162800807 0.0 -100.457 0.0 0.0 1.0 0
0.9942369824573112 -0.10720458345696003 0.0 121.67 0.10720458345696003 0.9942369824573112 0.0 -100.393 0.0 0.0 1.0 0
0.9948146184901024 -0.10170484176474572 0.0 122.279 0.10170484176474572 0.9948146184901024 0.0 -100.333 0.0 0.0 1.0 0
0.9952705061084309 -0.09714226510982667 0.0 122.896 0.09714226510982667 0.9952705061084309 0.0 -100.258 0.0 0.0 1.0 0
0.9956397016859921 -0.09328228356246696 0.0 123.527 0.09328228356246696 0.9956397016859921 0.0 -100.192 0.0 0.0 1.0 0
0.9959896784447171 -0.08946820905544657 0.0 124.174 0.08946820905544657 0.9959896784447171 0.0 -100.131 0.0 0.0 1.0 0
0.9962591765965515 -0.08641558335833446 0.0 124.832 0.08641558335833446 0.9962591765965515 0.0 -100.065 0.0 0.0 1.0 0
0.9963136780621243 -0.08578493402877714 0.0 125.488 0.08578493402877714 0.9963136780621243 0.0 -100.006 0.0 0.0 1.0 0
0.9963174001899517 -0.08574169393437227 0.0 126.158 0.08574169393437227 0.9963174001899517 0.0 -99.9505 0.0 0.0 1.0 0
0.9962846516800055 -0.08612138425995153 0.0 126.84 0.08612138425995153 0.9962846516800055 0.0 -99.9001 0.0 0.0 1.0 0
0.996066173027194 -0.08861252141181826 0.0 127.528 0.08861252141181826 0.996066173027194 0.0 -99.8551 0.0 0.0 1.0 0
0.9958165115329869 -0.0913754636555816 0.0 128.251 0.0913754636555816 0.9958165115329869 0.0 -99.7886 0.0 0.0 1.0 0
0.9956839077293459 -0.09280924463015248 0.0 128.976 0.09280924463015248 0.9956839077293459 0.0 -99.7254 0.0 0.0 1.0 0
0.9954493927658927 -0.09529169135877151 0.0 129.707 0.09529169135877151 0.9954493927658927 0.0 -99.6691 0.0 0.0 1.0 0
0.9953049385762273 -0.0967888384359091 0.0 130.452 0.0967888384359091 0.9953049385762273 0.0 -99.6118 0.0 0.0 1.0 0
0.9951043709150541 -0.09882960581604273 0.0 131.198 0.09882960581604273 0.9951043709150541 0.0 -99.553 0.0 0.0 1.0 0
0.9947431813771096 -0.10240118702313336 0.0 131.961 0.10240118702313336 0.9947431813771096 0.0 -99.4877 0.0 0.0 1.0 0
0.9943575949208331 -0.10608003310357927 0.0 132.728 0.10608003310357927 0.9943575949208331 0.0 -99.4166 0.0 0.0 1.0 0
0.993916953897415 -0.11013214224414186 0.0 133.506 0.11013214224414186 0.993916953897415 0.0 -99.3346 0.0 0.0 1.0 0
0.9935161987684041 -0.11369064510671405 0.0 134.305 0.11369064510671405 0.9935161987684041 0.0 -99.2468 0.0 0.0 1.0 0
0.9933219506441386 -0.1153754842612741 0.0 135.109 0.1153754842612741 0.9933219506441386 0.0 -99.1615 0.0 0.0 1.0 0
0.9931766054380882 -0.11662002576948809 0.0 135.92 0.11662002576948809 0.9931766054380882 0.0 -99.0671 0.0 0.0 1.0 0
0.9931274203928835 -0.11703814277310111 0.0 136.731 0.11703814277310111 0.9931274203928835 0.0 -98.9635 0.0 0.0 1.0 0
0.9930486642316428 -0.1177045048744946 0.0 137.563 0.1177045048744946 0.9930486642316428 0.0 -98.875 0.0 0.0 1.0 0
0.9931090331647447 -0.11719406233502565 0.0 138.394 0.11719406233502565 0.9931090331647447 0.0 -98.789 0.0 0.0 1.0 0
0.9931945531448976 -0.1164670751899749 0.0 139.231 0.1164670751899749 0.9931945531448976 0.0 -98.7012 0.0 0.0 1.0 0
0.9933428173355657 -0.11519569109928109 0.0 140.085 0.11519569109928109 0.9933428173355657 0.0 -98.6166 0.0 0.0 1.0 0
0.9936847193328535 -0.11220819294680773 0.0 140.939 0.11220819294680773 0.9936847193328535 0.0 -98.5307 0.0 0.0 1.0 0
0.9940247335703348 -0.10915506882607355 0.0 141.776 0.10915506882607355 0.9940247335703348 0.0 -98.447 0.0 0.0 1.0 0
0.9943373154970538 -0.10626995346810154 0.0 142.642 0.10626995346810154 0.9943373154970538 0.0 -98.3628 0.0 0.0 1.0 0
0.9945269904839859 -0.10447997510942443 0.0 143.494 0.10447997510942443 0.9945269904839859 0.0 -98.2736 0.0 0.0 1.0 0
0.9946850629723801 -0.1029641952313145 0.0 144.353 0.1029641952313145 0.9946850629723801 0.0 -98.1765 0.0 0.0 1.0 0
0.9947055331518344 -0.10276625086634693 0.0 145.203 0.10276625086634693 0.9947055331518344 0.0 -98.0778 0.0 0.0 1.0 0
0.9948245807874796 -0.10160734944390311 0.0 146.067 0.10160734944390311 0.9948245807874796 0.0 -97.9856 0.0 0.0 1.0 0
0.9950310939887625 -0.09956466238343027 0.0 146.938 0.09956466238343027 0.9950310939887625 0.0 -97.9049 0.0 0.0 1.0 0
0.9951414801950964 -0.09845524056703368 0.0 147.802 0.09845524056703368 0.9951414801950964 0.0 -97.8242 0.0 0.0 1.0 0
0.9952413088980735 -0.09744094140990996 0.0 148.65 0.09744094140990996 0.9952413088980735 0.0 -97.7536 0.0 0.0 1.0 0
0.9953639100048383 -0.09618049001684456 0.0 149.492 0.09618049001684456 0.9953639100048383 0.0 -97.6737 0.0 0.0 1.0 0
0.9954021972095346 -0.09578343171149563 0.0 150.314 0.09578343171149563 0.9954021972095346 0.0 -97.5864 0.0 0.0 1.0 0
0.9954115887744892 -0.09568578229521482 0.0 151.143 0.09568578229521482 0.9954115887744892 0.0 -97.5034 0.0 0.0 1.0 0
0.9953192234311793 -0.09664183084127762 0.0 151.981 0.09664183084127762 0.9953192234311793 0.0 -97.426 0.0 0.0 1.0 0
0.9951819396843493 -0.09804543296908928 0.0 152.838 0.09804543296908928 0.9951819396843493 0.0 -97.3462 0.0 0.0 1.0 0
0.995031173640174 -0.09956386635852325 0.0 153.688 0.09956386635852325 0.995031173640174 0.0 -97.2613 0.0 0.0 1.0 0
0.9949997716445307 -0.0998771967334475 0.0 154.52 0.0998771967334475 0.9949997716445307 0.0 -97.1888 0.0 0.0 1.0 0
0.9948424482730464 -0.10143225874489381 0.0 155.337 0.10143225874489381 0.9948424482730464 0.0 -97.1241 0.0 0.0 1.0 0
0.9947380600743316 -0.10245092405417999 0.0 156.161 0.10245092405417999 0.9947380600743316 0.0 -97.0408 0.0 0.0 1.0 0
0.9945034573158202 -0.10470374103574592 0.0 156.978 0.10470374103574592 0.9945034573158202 0.0 -96.9518 0.0 0.0 1.0 0
0.9942174547566769 -0.10738553281124598 0.0 157.815 0.10738553281124598 0.9942174547566769 0.0 -96.8723 0.0 0.0 1.0 0
0.9938288629168586 -0.11092425899407235 0.0 158.638 0.11092425899407235 0.9938288629168586 0.0 -96.7867 0.0 0.0 1.0 0
0.9932354880241295 -0.11611746349911929 0.0 159.447 0.11611746349911929 0.9932354880241295 0.0 -96.7001 0.0 0.0 1.0 0
0.9928969510481829 -0.11897749618823827 0.0 160.276 0.11897749618823827 0.9928969510481829 0.0 -96.6218 0.0 0.0 1.0 0
0.992666684288755 -0.12088363786372851 0.0 161.092 0.12088363786372851 0.992666684288755 0.0 -96.5439 0.0 0.0 1.0 0
0.9924296881205037 -0.12281414469449284 0.0 161.905 0.12281414469449284 0.9924296881205037 0.0 -96.4524 0.0 0.0 1.0 0
0.992260749794741 -0.1241716731657362 0.0 162.719 0.1241716731657362 0.992260749794741 0.0 -96.3565 0.0 0.0 1.0 0
0.9920688516615768 -0.12569563859927846 0.0 163.514 0.12569563859927846 0.9920688516615768 0.0 -96.2633 0.0 0.0 1.0 0
0.9917571514371221 -0.12813177815563687 0.0 164.322 0.12813177815563687 0.9917571514371221 0.0 -96.1658 0.0 0.0 1.0 0
0.9911435819801125 -0.13279457782466883 0.0 165.122 0.13279457782466883 0.9911435819801125 0.0 -96.0565 0.0 0.0 1.0 0
0.9902497366505468 -0.13930347828939052 0.0 165.923 0.13930347828939052 0.9902497366505468 0.0 -95.9534 0.0 0.0 1.0 0
0.989323205728046 -0.14573810280081997 0.0 166.722 0.14573810280081997 0.989323205728046 0.0 -95.8543 0.0 0.0 1.0 0
0.9883632308515189 -0.1521122082567579 0.0 167.509 0.1521122082567579 0.9883632308515189 0.0 -95.7481 0.0 0.0 1.0 0
0.9878554137190754 -0.15537593631548763 0.0 168.323 0.15537593631548763 0.9878554137190754 0.0 -95.635 0.0 0.0 1.0 0
0.9871835931290234 -0.15958870090601943 0.0 169.113 0.15958870090601943 0.9871835931290234 0.0 -95.5272 0.0 0.0 1.0 0
0.9864834857858338 -0.16386070996987268 0.0 169.914 0.16386070996987268 0.9864834857858338 0.0 -95.4182 0.0 0.0 1.0 0
0.9852654756561993 -0.1710319925626884 0.0 170.695 0.1710319925626884 0.9852654756561993 0.0 -95.2966 0.0 0.0 1.0 0
0.984191461030615 -0.17710778648727873 0.0 171.483 0.17710778648727873 0.984191461030615 0.0 -95.1657 0.0 0.0 1.0 0
0.9829689775413505 -0.183771567962272 0.0 172.28 0.183771567962272 0.9829689775413505 0.0 -95.0338 0.0 0.0 1.0 0
0.9815911445985847 -0.19099430579376062 0.0 173.092 0.19099430579376062 0.9815911445985847 0.0 -94.9109 0.0 0.0 1.0 0
0.9800473023054616 -0.19876439631832288 0.0 173.903 0.19876439631832288 0.9800473023054616 0.0 -94.7764 0.0 0.0 1.0 0
0.9779466171117556 -0.2088550073129044 0.0 174.695 0.2088550073129044 0.9779466171117556 0.0 -94.6276 0.0 0.0 1.0 0
0.9761314822445425 -0.21718040742910605 0.0 175.501 0.21718040742910605 0.9761314822445425 0.0 -94.4628 0.0 0.0 1.0 0
0.9743448197648971 -0.2250603745604947 0.0 176.317 0.2250603745604947 0.9743448197648971 0.0 -94.2966 0.0 0.0 1.0 0
0.9724968753735493 -0.23291592343307752 0.0 177.126 0.23291592343307752 0.9724968753735493 0.0 -94.1267 0.0 0.0 1.0 0
0.970540559165414 -0.24093779905794246 0.0 177.924 0.24093779905794246 0.970540559165414 0.0 -93.9559 0.0 0.0 1.0 0
0.9686553428817359 -0.248408588230493 0.0 178.726 0.248408588230493 0.9686553428817359 0.0 -93.7719 0.0 0.0 1.0 0
0.9670103016379088 -0.2547372696056873 0.0 179.528 0.2547372696056873 0.9670103016379088 0.0 -93.5765 0.0 0.0 1.0 0
0.9659862051889099 -0.258593602752909 0.0 180.332 0.258593602752909 0.9659862051889099 0.0 -93.3718 0.0 0.0 1.0 0
0.9648387834348452 -0.262842389998204 0.0 181.127 0.262842389998204 0.9648387834348452 0.0 -93.1758 0.0 0.0 1.0 0
0.9638500730947892 -0.2664451849727621 0.0 181.914 0.2664451849727621 0.9638500730947892 0.0 -92.9771 0.0 0.0 1.0 0
0.9631037480384226 -0.2691303968605975 0.0 182.709 0.2691303968605975 0.9631037480384226 0.0 -92.7725 0.0 0.0 1.0 0
0.9621436311117464 -0.27254290141389426 0.0 183.517 0.27254290141389426 0.9621436311117464 0.0 -92.5535 0.0 0.0 1.0 0
0.9615213814302233 -0.27473010947567283 0.0 184.323 0.27473010947567283 0.9615213814302233 0.0 -92.3418 0.0 0.0 1.0 0
0.9605561634170035 -0.2780860602792001 0.0 185.131 0.2780860602792001 0.9605561634170035 0.0 -92.1247 0.0 0.0 1.0 0
0.9592136821206232 -0.2826819980695552 0.0 185.907 0.2826819980695552 0.9592136821206232 0.0 -91.9086 0.0 0.0 1.0 0
0.9576775392045831 -0.2878432401552176 0.0 186.685 0.2878432401552176 0.9576775392045831 0.0 -91.6703 0.0 0.0 1.0 0
0.9556798273777616 -0.294407995039557 0.0 187.46 0.294407995039557 0.9556798273777616 0.0 -91.4467 0.0 0.0 1.0 0
0.9536100254273955 -0.3010447132974803 0.0 188.252 0.3010447132974803 0.9536100254273955 0.0 -91.2163 0.0 0.0 1.0 0
0.9513518917604272 -0.30810643947158334 0.0 189.049 0.30810643947158334 0.9513518917604272 0.0 -90.9771 0.0 0.0 1.0 0
0.948994496928906 -0.3152926335940194 0.0 189.842 0.3152926335940194 0.948994496928906 0.0 -90.7221 0.0 0.0 1.0 0
0.9470673731788303 -0.3210348745232366 0.0 190.627 0.3210348745232366 0.9470673731788303 0.0 -90.4555 0.0 0.0 1.0 0
0.9451175939090043 -0.326730368474763 0.0 191.43 0.326730368474763 0.9451175939090043 0.0 -90.194 0.0 0.0 1.0 0
0.9430823603601631 -0.33255926024921234 0.0 192.211 0.33255926024921234 0.9430823603601631 0.0 -89.9267 0.0 0.0 1.0 0
0.9405317747620877 -0.3397057265676831 0.0 192.99 0.3397057265676831 0.9405317747620877 0.0 -89.6493 0.0 0.0 1.0 0
0.9384731696362982 -0.34535215342140235 0.0 193.773 0.34535215342140235 0.9384731696362982 0.0 -89.3626 0.0 0.0 1.0 0
0.9363139626063667 -0.35116401214868737 0.0 194.568 0.35116401214868737 0.9363139626063667 0.0 -89.0901 0.0 0.0 1.0 0
0.9344766831411688 -0.3560243371814341 0.0 195.368 0.3560243371814341 0.9344766831411688 0.0 -88.8145 0.0 0.0 1.0 0
0.9326881341307058 -0.3606838566553574 0.0 196.162 0.3606838566553574 0.9326881341307058 0.0 -88.5257 0.0 0.0 1.0 0
0.9312809351550987 -0.3643018251623848 0.0 196.944 0.3643018251623848 0.9312809351550987 0.0 -88.2299 0.0 0.0 1.0 0
0.9306921050772489 -0.3658035067449179 0.0 197.738 0.3658035067449179 0.9306921050772489 0.0 -87.9328 0.0 0.0 1.0 0
0.9297341890265715 -0.3682313644369577 0.0 198.526 0.3682313644369577 0.9297341890265715 0.0 -87.6486 0.0 0.0 1.0 0
0.928899612497209 -0.370331621526619 0.0 199.311 0.370331621526619 0.928899612497209 0.0 -87.3433 0.0 0.0 1.0 0
0.9278743334223811 -0.37289304280982755 0.0 200.102 0.37289304280982755 0.9278743334223811 0.0 -87.018 0.0 0.0 1.0 0
0.9279876500304324 -0.37261095178617026 0.0 200.908 0.37261095178617026 0.9279876500304324 0.0 -86.6992 0.0 0.0 1.0 0
0.9279697636357118 -0.37265549476410686 0.0 201.699 0.37265549476410686 0.9279697636357118 0.0 -86.3875 0.0 0.0 1.0 0
0.9273524965872155 -0.37418891896134293 0.0 202.497 0.37418891896134293 0.9273524965872155 0.0 -86.0743 0.0 0.0 1.0 0
0.9266225695080548 -0.37599283726992755 0.0 203.286 0.37599283726992755 0.9266225695080548 0.0 -85.7593 0.0 0.0 1.0 0
0.9258056180098597 -0.37799994399653253 0.0 204.073 0.37799994399653253 0.9258056180098597 0.0 -85.4284 0.0 0.0 1.0 0
0.925199633326575 -0.3794807485135066 0.0 204.859 0.3794807485135066 0.925199633326575 0.0 -85.1007 0.0 0.0 1.0 0
0.924961897111761 -0.3800598490914451 0.0 205.654 0.3800598490914451 0.924961897111761 0.0 -84.7883 0.0 0.0 1.0 0
0.9245124014840086 -0.3811519637917025 0.0 206.452 0.3811519637917025 0.9245124014840086 0.0 -84.4746 0.0 0.0 1.0 0
0.9238125800420129 -0.3828450299483061 0.0 207.24 0.3828450299483061 0.9238125800420129 0.0 -84.1531 0.0 0.0 1.0 0
0.923510994944124 -0.3835719518125825 0.0 208.021 0.3835719518125825 0.923510994944124 0.0 -83.8324 0.0 0.0 1.0 0
0.9236007254961451 -0.3833558397403049 0.0 208.801 0.3833558397403049 0.9236007254961451 0.0 -83.5115 0.0 0.0 1.0 0
0.9235566334673624 -0.38346205128856237 0.0 209.584 0.38346205128856237 0.9235566334673624 0.0 -83.2042 0.0 0.0 1.0 0
0.9233114126794867 -0.3840521256493846 0.0 210.359 0.3840521256493846 0.9233114126794867 0.0 -82.8878 0.0 0.0 1.0 0
