0.9456092284891778 -0.32530476018051424 0.0 7.41266 0.32530476018051424 0.9456092284891778 0.0 -78.1312 0.0 0.0 1.0 0
0.9445180951167091 -0.3284593856127469 0.0 8.06306 0.3284593856127469 0.9445180951167091 0.0 -77.91 0.0 0.0 1.0 0
0.9431179388022669 -0.332458348533111 0.0 8.72448 0.332458348533111 0.9431179388022669 0.0 -77.688 0.0 0.0 1.0 0
0.9417015244013323 -0.33644945971156937 0.0 9.39614 0.33644945971156937 0.9417015244013323 0.0 -77.4561 0.0 0.0 1.0 0
0.9400157002866855 -0.3411311818267751 0.0 10.0888 0.3411311818267751 0.9400157002866855 0.0 -77.2194 0.0 0.0 1.0 0
0.938504592796468 -0.34526675093315273 0.0 10.7886 0.34526675093315273 0.938504592796468 0.0 -76.9722 0.0 0.0 1.0 0
0.9373120215616941 -0.34849128286935716 0.0 11.518 0.34849128286935716 0.9373120215616941 0.0 -76.7155 0.0 0.0 1.0 0
0.9359246504218686 -0.3522002963268246 0.0 12.251 0.3522002963268246 0.9359246504218686 0.0 -76.4558 0.0 0.0 1.0 0
0.9347985024424795 -0.35517849010222674 0.0 13.0059 0.35517849010222674 0.9347985024424795 0.0 -76.1849 0.0 0.0 1.0 0
0.93358155281396 -0.358365015376048 0.0 13.7632 0.358365015376048 0.93358155281396 0.0 -75.9049 0.0 0.0 1.0 0
0.9328290902199183 -0.3603191480333505 0.0 14.5354 0.3603191480333505 0.9328290902199183 0.0 -75.6199 0.0 0.0 1.0 0
0.9318375895886504 -0.36287560765311033 0.0 15.293 0.36287560765311033 0.9318375895886504 0.0 -75.3263 0.0 0.0 1.0 0
0.9310340894217819 -0.3649322188222814 0.0 16.0549 0.3649322188222814 0.9310340894217819 0.0 -75.0268 0.0 0.0 1.0 0
0.9304783171323943 -0.36634696852364906 0.0 16.8199 0.36634696852364906 0.9304783171323943 0.0 -74.7202 0.0 0.0 1.0 0
0.9297025176911119 -0.36831132021539587 0.0 17.5918 0.36831132021539587 0.9297025176911119 0.0 -74.4137 0.0 0.0 1.0 0
0.9291519626167677 -0.3696980259149469 0.0 18.3754 0.3696980259149469 0.9291519626167677 0.0 -74.0935 0.0 0.0 1.0 0
0.9283527347859801 -0.3717004167543958 0.0 19.1662 0.3717004167543958 0.9283527347859801 0.0 -73.7779 0.0 0.0 1.0 0
0.9277187563544671 -0.37327993397465237 0.0 19.9599 0.37327993397465237 0.9277187563544671 0.0 -73.4567 0.0 0.0 1.0 0
0.9270149760040304 -0.3750243115642597 0.0 20.7671 0.3750243115642597 0.9270149760040304 0.0 -73.1341 0.0 0.0 1.0 0
0.9266278333169673 -0.3759798645171076 0.0 21.5879 0.3759798645171076 0.9266278333169673 0.0 -72.8006 0.0 0.0 1.0 0
0.9259601425478002 -0.37762125789321954 0.0 22.4139 0.37762125789321954 0.9259601425478002 0.0 -72.4564 0.0 0.0 1.0 0
0.9253938061935614 -0.37900699658264014 0.0 23.246 0.37900699658264014 0.9253938061935614 0.0 -72.1213 0.0 0.0 1.0 0
0.9248478375354588 -0.38033732055372316 0.0 24.09 0.38033732055372316 0.9248478375354588 0.0 -71.7709 0.0 0.0 1.0 0
0.9241999279971469 -0.3819090115329415 0.0 24.9416 0.3819090115329415 0.9241999279971469 0.0 -71.4232 0.0 0.0 1.0 0
0.9236164423092836 -0.3833179717883596 0.0 25.7864 0.3833179717883596 0.9236164423092836 0.0 -71.0685 0.0 0.0 1.0 0
0.9233294621095881 -0.3840087295888191 0.0 26.6472 0.3840087295888191 0.9233294621095881 0.0 -70.7053 0.0 0.0 1.0 0
0.9232633989505351 -0.38416753657526176 0.0 27.5023 0.38416753657526176 0.9232633989505351 0.0 -70.3481 0.0 0.0 1.0 0
0.9235738883245634 -0.383420490851815 0.0 28.3692 0.383420490851815 0.9235738883245634 0.0 -69.9921 0.0 0.0 1.0 0
0.9240986896593054 -0.3821539111012142 0.0 29.2558 0.3821539111012142 0.9240986896593054 0.0 -69.6277 0.0 0.0 1.0 0
0.9246727845252747 -0.3807627103042982 0.0 30.1337 0.3807627103042982 0.9246727845252747 0.0 -69.2654 0.0 0.0 1.0 0
0.9252432674946752 -0.3793743480465921 0.0 31.0152 0.3793743480465921 0.9252432674946752 0.0 -68.9043 0.0 0.0 1.0 0
0.9255971995135044 -0.3785100054856648 0.0 31.8968 0.3785100054856648 0.9255971995135044 0.0 -68.5425 0.0 0.0 1.0 0
0.9260039403837579 -0.377513843976289 0.0 32.7849 0.377513843976289 0.9260039403837579 0.0 -68.1764 0.0 0.0 1.0 0
0.926192204496133 -0.37705172102855233 0.0 33.6837 0.37705172102855233 0.926192204496133 0.0 -67.8026 0.0 0.0 1.0 0
0.9260413097163681 -0.37742216773633425 0.0 34.5884 0.37742216773633425 0.9260413097163681 0.0 -67.4267 0.0 0.0 1.0 0
0.9256532088569712 -0.37837301295519526 0.0 35.4891 0.37837301295519526 0.9256532088569712 0.0 -67.0481 0.0 0.0 1.0 0
0.9252466818263353 -0.3793660208418201 0.0 36.4093 0.3793660208418201 0.9252466818263353 0.0 -66.6555 0.0 0.0 1.0 0
0.9245733739641964 -0.38100403692935103 0.0 37.331 0.38100403692935103 0.9245733739641964 0.0 -66.2652 0.0 0.0 1.0 0
0.9240501486603322 -0.3822712685526052 0.0 38.2623 0.3822712685526052 0.9240501486603322 0.0 -65.8751 0.0 0.0 1.0 0
0.9231181176653849 -0.3845165026860573 0.0 39.1984 0.3845165026860573 0.9231181176653849 0.0 -65.4851 0.0 0.0 1.0 0
0.9227751470838798 -0.3853388481899069 0.0 40.1511 0.3853388481899069 0.9227751470838798 0.0 -65.079 0.0 0.0 1.0 0
0.9221930070963769 -0.3867299544417808 0.0 41.0958 0.3867299544417808 0.9221930070963769 0.0 -64.6819 0.0 0.0 1.0 0
0.9217546380213825 -0.3877736289203666 0.0 42.0472 0.3877736289203666 0.9217546380213825 0.0 -64.28 0.0 0.0 1.0 0
0.9212112408620824 -0.3890627837629068 0.0 42.9797 0.3890627837629068 0.9212112408620824 0.0 -63.8778 0.0 0.0 1.0 0
0.9212750347698847 -0.3889116998879664 0.0 43.9251 0.3889116998879664 0.9212750347698847 0.0 -63.4702 0.0 0.0 1.0 0
0.9209729619362169 -0.3896264921465577 0.0 44.8623 0.3896264921465577 0.9209729619362169 0.0 -63.0774 0.0 0.0 1.0 0
0.9207971467308067 -0.3900418113131017 0.0 45.7829 0.3900418113131017 0.9207971467308067 0.0 -62.681 0.0 0.0 1.0 0
0.920858371946567 -0.3898972413545885 0.0 46.6987 0.3898972413545885 0.920858371946567 0.0 -62.2923 0.0 0.0 1.0 0
0.9207893457104215 -0.3900602271780267 0.0 47.622 0.3900602271780267 0.9207893457104215 0.0 -61.9033 0.0 0.0 1.0 0
0.9204773937056628 -0.3907958132795567 0.0 48.548 0.3907958132795567 0.9204773937056628 0.0 -61.5078 0.0 0.0 1.0 0
0.9198729080303192 -0.3922165639947452 0.0 49.4526 0.3922165639947452 0.9198729080303192 0.0 -61.114 0.0 0.0 1.0 0
0.9194692234201054 -0.39316198593356955 0.0 50.3888 0.39316198593356955 0.9194692234201054 0.0 -60.7059 0.0 0.0 1.0 0
0.9194621463554049 -0.39317853631589794 0.0 51.2969 0.39317853631589794 0.9194621463554049 0.0 -60.3188 0.0 0.0 1.0 0
0.9188453015951688 -0.3946179313418024 0.0 52.173 0.3946179313418024 0.9188453015951688 0.0 -59.9252 0.0 0.0 1.0 0
0.9185534280701046 -0.3952968502033114 0.0 53.0612 0.3952968502033114 0.9185534280701046 0.0 -59.5365 0.0 0.0 1.0 0
0.9184763277208065 -0.39547596060506857 0.0 53.9623 0.39547596060506857 0.9184763277208065 0.0 -59.1401 0.0 0.0 1.0 0
0.9183536860421954 -0.3957606692594818 0.0 54.8583 0.3957606692594818 0.9183536860421954 0.0 -58.7428 0.0 0.0 1.0 0
0.918068896769005 -0.39642086320644365 0.0 55.7387 0.39642086320644365 0.918068896769005 0.0 -58.3533 0.0 0.0 1.0 0
0.9179241420022838 -0.39675593193973935 0.0 56.6222 0.39675593193973935 0.9179241420022838 0.0 -57.9593 0.0 0.0 1.0 0
0.9177161158834948 -0.39723686969831 0.0 57.5059 0.39723686969831 0.9177161158834948 0.0 -57.5615 0.0 0.0 1.0 0
0.9172025184572683 -0.398421309841284 0.0 58.3804 0.398421309841284 0.9172025184572683 0.0 -57.173 0.0 0.0 1.0 0
0.9165774662877525 -0.3998571598627738 0.0 59.2581 0.3998571598627738 0.9165774662877525 0.0 -56.7777 0.0 0.0 1.0 0
0.9162384585334019 -0.4006333574533399 0.0 60.1272 0.4006333574533399 0.9162384585334019 0.0 -56.3885 0.0 0.0 1.0 0
0.9159886861585017 -0.40120409622737147 0.0 60.9998 0.40120409622737147 0.9159886861585017 0.0 -56.0036 0.0 0.0 1.0 0
0.9154591037199187 -0.40241102049561606 0.0 61.8656 0.40241102049561606 0.9154591037199187 0.0 -55.6255 0.0 0.0 1.0 0
0.9148475930681861 -0.4037993083913675 0.0 62.7094 0.4037993083913675 0.9148475930681861 0.0 -55.2515 0.0 0.0 1.0 0
0.9144170280645875 -0.40477339189418987 0.0 63.5512 0.40477339189418987 0.9144170280645875 0.0 -54.8799 0.0 0.0 1.0 0
0.9139622968417478 -0.4057991128030677 0.0 64.386 0.4057991128030677 0.9139622968417478 0.0 -54.5148 0.0 0.0 1.0 0
0.9133505343340012 -0.40717416596807154 0.0 65.2137 0.40717416596807154 0.9133505343340012 0.0 -54.1478 0.0 0.0 1.0 0
0.9128767814366511 -0.4082352041579227 0.0 66.0497 0.4082352041579227 0.9128767814366511 0.0 -53.7772 0.0 0.0 1.0 0
0.912315414232335 -0.4094881987970875 0.0 66.8341 0.4094881987970875 0.912315414232335 0.0 -53.4228 0.0 0.0 1.0 0
0.911559589670449 -0.4111679881506373 0.0 67.6282 0.4111679881506373 0.911559589670449 0.0 -53.065 0.0 0.0 1.0 0
0.9109579005820975 -0.4124993374140829 0.0 68.4114 0.4124993374140829 0.9109579005820975 0.0 -52.7119 0.0 0.0 1.0 0
0.9103939905017435 -0.41374241027275804 0.0 69.1765 0.41374241027275804 0.9103939905017435 0.0 -52.3663 0.0 0.0 1.0 0
0.9097632203400767 -0.41512755017759656 0.0 69.9233 0.41512755017759656 0.9097632203400767 0.0 -52.0219 0.0 0.0 1.0 0
0.9091565811615787 -0.41645445240817136 0.0 70.6568 0.41645445240817136 0.9091565811615787 0.0 -51.6885 0.0 0.0 1.0 0
0.9085668058802386 -0.4177395830569336 0.0 71.3742 0.4177395830569336 0.9085668058802386 0.0 -51.3638 0.0 0.0 1.0 0
0.9077488087481991 -0.4195141239770426 0.0 72.0849 0.4195141239770426 0.9077488087481991 0.0 -51.0396 0.0 0.0 1.0 0
0.9071761679805953 -0.4207509955401684 0.0 72.7736 0.4207509955401684 0.9071761679805953 0.0 -50.7257 0.0 0.0 1.0 0
0.906526713826291 -0.4221484538871437 0.0 73.4451 0.4221484538871437 0.906526713826291 0.0 -50.41 0.0 0.0 1.0 0
0.9059102580678329 -0.423469720673713 0.0 74.0893 0.423469720673713 0.9059102580678329 0.0 -50.1125 0.0 0.0 1.0 0
0.9056848439898919 -0.42395160498222584 0.0 74.7179 0.42395160498222584 0.9056848439898919 0.0 -49.8214 0.0 0.0 1.0 0
0.905172899847981 -0.42504355233410734 0.0 75.331 0.42504355233410734 0.905172899847981 0.0 -49.5398 0.0 0.0 1.0 0
0.9046008239625501 -0.42625972045957544 0.0 75.919 0.42625972045957544 0.9046008239625501 0.0 -49.2711 0.0 0.0 1.0 0
0.9041442083099972 -0.42722739914416574 0.0 76.4931 0.42722739914416574 0.9041442083099972 0.0 -49.0012 0.0 0.0 1.0 0
0.9040348084700137 -0.42745884605957757 0.0 77.0408 0.42745884605957757 0.9040348084700137 0.0 -48.7287 0.0 0.0 1.0 0
0.9043717920742503 -0.42674542961865314 0.0 77.5744 0.42674542961865314 0.9043717920742503 0.0 -48.4673 0.0 0.0 1.0 0
0.9055644052112373 -0.42420880237734104 0.0 78.1025 0.42420880237734104 0.9055644052112373 0.0 -48.2214 0.0 0.0 1.0 0
0.9072552531356737 -0.42058043898608105 0.0 78.6287 0.42058043898608105 0.9072552531356737 0.0 -47.983 0.0 0.0 1.0 0
0.909014934101238 -0.41676354156874357 0.0 79.1336 0.41676354156874357 0.909014934101238 0.0 -47.7385 0.0 0.0 1.0 0
0.9112155347297375 -0.41192990819701186 0.0 79.6158 0.41192990819701186 0.9112155347297375 0.0 -47.5001 0.0 0.0 1.0 0
0.9145129336766235 -0.4045566636927091 0.0 80.0909 0.4045566636927091 0.9145129336766235 0.0 -47.2696 0.0 0.0 1.0 0
0.9187556996519338 -0.3948264990563395 0.0 80.5605 0.3948264990563395 0.9187556996519338 0.0 -47.055 0.0 0.0 1.0 0
0.9245493688750699 -0.38106228429576977 0.0 81.0176 0.38106228429576977 0.9245493688750699 0.0 -46.8508 0.0 0.0 1.0 0
0.9311679568430586 -0.36459050474295635 0.0 81.4621 0.36459050474295635 0.9311679568430586 0.0 -46.6558 0.0 0.0 1.0 0
0.9389553987511686 -0.3440388919236223 0.0 81.8995 0.3440388919236223 0.9389553987511686 0.0 -46.4596 0.0 0.0 1.0 0
0.9476076110933888 -0.31943671579497707 0.0 82.3295 0.31943671579497707 0.9476076110933888 0.0 -46.265 0.0 0.0 1.0 0
0.9566080060199942 -0.2913779724317723 0.0 82.7543 0.2913779724317723 0.9566080060199942 0.0 -46.0873 0.0 0.0 1.0 0
0.9655826643136399 -0.260096363636581 0.0 83.1778 0.260096363636581 0.9655826643136399 0.0 -45.9154 0.0 0.0 1.0 0
0.9746855622599835 -0.22358008570071666 0.0 83.6 0.22358008570071666 0.9746855622599835 0.0 -45.762 0.0 0.0 1.0 0
0.9832024872576556 -0.18251813348366136 0.0 84.0218 0.18251813348366136 0.9832024872576556 0.0 -45.6206 0.0 0.0 1.0 0
0.9904955777873639 -0.13754457598784567 0.0 84.437 0.13754457598784567 0.9904955777873639 0.0 -45.4946 0.0 0.0 1.0 0
0.9961367969848084 -0.08781504252032643 0.0 84.8445 0.08781504252032643 0.9961367969848084 0.0 -45.3874 0.0 0.0 1.0 0
0.9994496938157242 -0.0331709139406073 0.0 85.2488 0.0331709139406073 0.9994496938157242 0.0 -45.292 0.0 0.0 1.0 0
0.9996650227984717 0.02588130972982472 0.0 85.6521 -0.02588130972982472 0.9996650227984717 -0.0 -45.2202 -0.0 0.0 1.0 0
0.996177689249949 0.08734993669506566 0.0 86.0579 -0.08734993669506566 0.996177689249949 -0.0 -45.1662 -0.0 0.0 1.0 0
0.9884452273366299 0.15157846996007723 0.0 86.4511 -0.15157846996007723 0.9884452273366299 -0.0 -45.1389 -0.0 0.0 1.0 0
0.9763211414014847 0.2163262093517613 0.0 86.8445 -0.2163262093517613 0.9763211414014847 -0.0 -45.1271 -0.0 0.0 1.0 0
0.9599510158969228 0.280167890876999 0.0 87.231 -0.280167890876999 0.9599510158969228 -0.0 -45.1475 -0.0 0.0 1.0 0
0.9398265693686949 0.34165189814878766 0.0 87.6175 -0.34165189814878766 0.9398265693686949 -0.0 -45.1905 -0.0 0.0 1.0 0
0.9158831378033998 0.4014449873736109 0.0 87.9965 -0.4014449873736109 0.9158831378033998 -0.0 -45.2612 -0.0 0.0 1.0 0
0.8884813810498937 0.45891266655832635 0.0 88.3672 -0.45891266655832635 0.8884813810498937 -0.0 -45.354 -0.0 0.0 1.0 0
0.858517381389312 0.5127844633493088 0.0 88.727 -0.5127844633493088 0.858517381389312 -0.0 -45.4628 -0.0 0.0 1.0 0
0.8269291213527501 0.5623061695008946 0.0 89.0856 -0.5623061695008946 0.8269291213527501 -0.0 -45.5917 -0.0 0.0 1.0 0
0.7938239613272915 0.6081476123628594 0.0 89.4194 -0.6081476123628594 0.7938239613272915 -0.0 -45.7505 -0.0 0.0 1.0 0
0.7591585013418823 0.6509058071951327 0.0 89.7403 -0.6509058071951327 0.7591585013418823 -0.0 -45.932 -0.0 0.0 1.0 0
0.7245603841833294 0.6892113243934013 0.0 90.0476 -0.6892113243934013 0.7245603841833294 -0.0 -46.1326 -0.0 0.0 1.0 0
0.6915114514444279 0.7223654978757088 0.0 90.3562 -0.7223654978757088 0.6915114514444279 -0.0 -46.3457 -0.0 0.0 1.0 0
0.6599688714381584 0.7512929446844578 0.0 90.6584 -0.7512929446844578 0.6599688714381584 -0.0 -46.5649 -0.0 0.0 1.0 0
0.6312123619280985 0.7756100528933023 0.0 90.9424 -0.7756100528933023 0.6312123619280985 -0.0 -46.8138 -0.0 0.0 1.0 0
0.6037264287893158 0.7971915699386811 0.0 91.197 -0.7971915699386811 0.6037264287893158 -0.0 -47.0801 -0.0 0.0 1.0 0
0.57779975946235 0.8161785576485397 0.0 91.4392 -0.8161785576485397 0.57779975946235 -0.0 -47.3745 -0.0 0.0 1.0 0
0.553771052418847 0.8326689747450199 0.0 91.6807 -0.8326689747450199 0.553771052418847 -0.0 -47.6842 -0.0 0.0 1.0 0
0.5318776579048745 0.8468212072342222 0.0 91.9275 -0.8468212072342222 0.5318776579048745 -0.0 -47.9964 -0.0 0.0 1.0 0
0.5115316219603412 0.8592644527353746 0.0 92.1739 -0.8592644527353746 0.5115316219603412 -0.0 -48.3195 -0.0 0.0 1.0 0
0.49393218751394885 0.8695004279111572 0.0 92.4165 -0.8695004279111572 0.49393218751394885 -0.0 -48.6594 -0.0 0.0 1.0 0
0.4762599116685824 0.8793045527787481 0.0 92.642 -0.8793045527787481 0.4762599116685824 -0.0 -49.0195 -0.0 0.0 1.0 0
0.46085319137824665 0.8874763861627447 0.0 92.8658 -0.8874763861627447 0.46085319137824665 -0.0 -49.4041 -0.0 0.0 1.0 0
0.4471319483498608 0.8944680099169883 0.0 93.0884 -0.8944680099169883 0.4471319483498608 -0.0 -49.8069 -0.0 0.0 1.0 0
0.4342327205247575 0.9008007240370468 0.0 93.3136 -0.9008007240370468 0.4342327205247575 -0.0 -50.2227 -0.0 0.0 1.0 0
0.4222684079653325 0.9064708443377666 0.0 93.5391 -0.9064708443377666 0.4222684079653325 -0.0 -50.6539 -0.0 0.0 1.0 0
0.41160669856057885 0.9113615779151878 0.0 93.7532 -0.9113615779151878 0.41160669856057885 -0.0 -51.1004 -0.0 0.0 1.0 0
0.4022620945053146 0.9155245530974019 0.0 93.9673 -0.9155245530974019 0.4022620945053146 -0.0 -51.5683 -0.0 0.0 1.0 0
0.39476891691654736 0.9187804428896691 0.0 94.172 -0.9187804428896691 0.39476891691654736 -0.0 -52.0481 -0.0 0.0 1.0 0
0.3893044287656282 0.9211091475734393 0.0 94.3796 -0.9211091475734393 0.3893044287656282 -0.0 -52.55 -0.0 0.0 1.0 0
0.38401087798605993 0.9233285685975364 0.0 94.595 -0.9233285685975364 0.38401087798605993 -0.0 -53.0749 -0.0 0.0 1.0 0
0.37817706849852073 0.9257332795475515 0.0 94.8189 -0.9257332795475515 0.37817706849852073 -0.0 -53.6164 -0.0 0.0 1.0 0
0.37379413596270017 0.9275116947617957 0.0 95.051 -0.9275116947617957 0.37379413596270017 -0.0 -54.1808 -0.0 0.0 1.0 0
0.3709820639458642 0.9286400315679196 0.0 95.2869 -0.9286400315679196 0.3709820639458642 -0.0 -54.7632 -0.0 0.0 1.0 0
0.3678876414663024 0.9298702507642458 0.0 95.5252 -0.9298702507642458 0.3678876414663024 -0.0 -55.3659 -0.0 0.0 1.0 0
0.3654594298242675 0.9308272692355555 0.0 95.7657 -0.9308272692355555 0.3654594298242675 -0.0 -55.9776 -0.0 0.0 1.0 0
0.36447254778856086 0.9312141332199139 0.0 96.0115 -0.9312141332199139 0.36447254778856086 -0.0 -56.6041 -0.0 0.0 1.0 0
0.36529187499626703 0.9308930368531669 0.0 96.2638 -0.9308930368531669 0.36529187499626703 -0.0 -57.2499 -0.0 0.0 1.0 0
0.36719943681590606 0.9301422329956217 0.0 96.5162 -0.9301422329956217 0.36719943681590606 -0.0 -57.9123 -0.0 0.0 1.0 0
0.3706012903625465 0.9287920561576825 0.0 96.7748 -0.9287920561576825 0.3706012903625465 -0.0 -58.586 -0.0 0.0 1.0 0
0.37465656006722425 0.9271636651630576 0.0 97.0467 -0.9271636651630576 0.37465656006722425 -0.0 -59.2834 -0.0 0.0 1.0 0
0.3784455152434809 0.9256235692721401 0.0 97.3223 -0.9256235692721401 0.3784455152434809 -0.0 -59.9924 -0.0 0.0 1.0 0
0.3820802839839331 0.9241291341532075 0.0 97.596 -0.9241291341532075 0.3820802839839331 -0.0 -60.7133 -0.0 0.0 1.0 0
0.385690699054542 0.9226281399690879 0.0 97.873 -0.9226281399690879 0.385690699054542 -0.0 -61.448 -0.0 0.0 1.0 0
0.3893228508707173 0.9211013613006428 0.0 98.1646 -0.9211013613006428 0.3893228508707173 -0.0 -62.1938 -0.0 0.0 1.0 0
0.3926362857995711 0.9196938333345056 0.0 98.4493 -0.9196938333345056 0.3926362857995711 -0.0 -62.9381 -0.0 0.0 1.0 0
0.39531092863687445 0.9185473693284697 0.0 98.7424 -0.9185473693284697 0.39531092863687445 -0.0 -63.6901 -0.0 0.0 1.0 0
0.39664240628514225 0.9179732030600525 0.0 99.0338 -0.9179732030600525 0.39664240628514225 -0.0 -64.4371 -0.0 0.0 1.0 0
0.39637617738117314 0.9180881907554901 0.0 99.3401 -0.9180881907554901 0.39637617738117314 -0.0 -65.1967 -0.0 0.0 1.0 0
0.39641290059169276 0.9180723349739283 0.0 99.6395 -0.9180723349739283 0.39641290059169276 -0.0 -65.9494 -0.0 0.0 1.0 0
0.39635781553808414 0.9180961180954194 0.0 99.9439 -0.9180961180954194 0.39635781553808414 -0.0 -66.7208 -0.0 0.0 1.0 0
0.39605482224292865 0.9182268661818398 0.0 100.271 -0.9182268661818398 0.39605482224292865 -0.0 -67.4976 -0.0 0.0 1.0 0
0.3961099151419677 0.9182031012397112 0.0 100.581 -0.9182031012397112 0.3961099151419677 -0.0 -68.2581 -0.0 0.0 1.0 0
0.3959997279180921 0.9182506278183517 0.0 100.892 -0.9182506278183517 0.3959997279180921 -0.0 -69.0199 -0.0 0.0 1.0 0
0.395981362826337 0.9182585476292595 0.0 101.204 -0.9182585476292595 0.395981362826337 -0.0 -69.7755 -0.0 0.0 1.0 0
0.3947046013184139 0.9188080744628183 0.0 101.513 -0.9188080744628183 0.3947046013184139 -0.0 -70.5295 -0.0 0.0 1.0 0
0.39224078116420047 0.9198625819065029 0.0 101.832 -0.9198625819065029 0.39224078116420047 -0.0 -71.2844 -0.0 0.0 1.0 0
0.3889912291596913 0.9212414578365612 0.0 102.16 -0.9212414578365612 0.3889912291596913 -0.0 -72.0317 -0.0 0.0 1.0 0
0.3844724942497637 0.923136447750475 0.0 102.48 -0.923136447750475 0.3844724942497637 -0.0 -72.7883 -0.0 0.0 1.0 0
0.378843498378715 0.9254607521317025 0.0 102.8 -0.9254607521317025 0.378843498378715 -0.0 -73.5447 -0.0 0.0 1.0 0
0.37189195288555654 0.9282760232705395 0.0 103.11 -0.9282760232705395 0.37189195288555654 -0.0 -74.2941 -0.0 0.0 1.0 0
0.36390443939240935 0.9314362882078926 0.0 103.419 -0.9314362882078926 0.36390443939240935 -0.0 -75.0523 -0.0 0.0 1.0 0
0.35463748781887416 0.9350038781916992 0.0 103.723 -0.9350038781916992 0.35463748781887416 -0.0 -75.8095 -0.0 0.0 1.0 0
0.3451572502445598 0.9385448697870626 0.0 104.018 -0.9385448697870626 0.3451572502445598 -0.0 -76.5586 -0.0 0.0 1.0 0
0.33506698774631627 0.9421943078381497 0.0 104.301 -0.9421943078381497 0.33506698774631627 -0.0 -77.3062 -0.0 0.0 1.0 0
0.32435173010165164 0.9459365492357642 0.0 104.574 -0.9459365492357642 0.32435173010165164 -0.0 -78.0557 -0.0 0.0 1.0 0
0.3140884162902341 0.9493937364193492 0.0 104.828 -0.9493937364193492 0.3140884162902341 -0.0 -78.7877 -0.0 0.0 1.0 0
0.30361676571074814 0.9527942377970936 0.0 105.077 -0.9527942377970936 0.30361676571074814 -0.0 -79.5344 -0.0 0.0 1.0 0
0.29392087242126597 0.9558297551107738 0.0 105.313 -0.9558297551107738 0.29392087242126597 -0.0 -80.2663 -0.0 0.0 1.0 0
0.2842425772094598 0.958752396242807 0.0 105.54 -0.958752396242807 0.2842425772094598 -0.0 -81.0003 -0.0 0.0 1.0 0
0.27474676951819743 0.9615166210936317 0.0 105.752 -0.9615166210936317 0.27474676951819743 -0.0 -81.7525 -0.0 0.0 1.0 0
0.26501196097504864 0.964245124716822 0.0 105.95 -0.964245124716822 0.26501196097504864 -0.0 -82.4773 -0.0 0.0 1.0 0
0.2558011425291966 0.9667294220622219 0.0 106.138 -0.9667294220622219 0.2558011425291966 -0.0 -83.1979 -0.0 0.0 1.0 0
0.24739071109312705 0.9689158044251507 0.0 106.322 -0.9689158044251507 0.24739071109312705 -0.0 -83.9146 -0.0 0.0 1.0 0
0.23972863606980965 0.9708399358535416 0.0 106.492 -0.9708399358535416 0.23972863606980965 -0.0 -84.6311 -0.0 0.0 1.0 0
0.23467705003079442 0.9720733934167957 0.0 106.661 -0.9720733934167957 0.23467705003079442 -0.0 -85.3273 -0.0 0.0 1.0 0
0.2309425671488743 0.9729673841803166 0.0 106.821 -0.9729673841803166 0.2309425671488743 -0.0 -86.0219 -0.0 0.0 1.0 0
0.2283049807330254 0.9735896649885376 0.0 106.973 -0.9735896649885376 0.2283049807330254 -0.0 -86.7104 -0.0 0.0 1.0 0
0.2267177269901378 0.9739605085774401 0.0 107.116 -0.9739605085774401 0.2267177269901378 -0.0 -87.382 -0.0 0.0 1.0 0
0.22581184580365543 0.9741709348439556 0.0 107.249 -0.9741709348439556 0.22581184580365543 -0.0 -88.0388 -0.0 0.0 1.0 0
0.22684433994013153 0.973931027043048 0.0 107.383 -0.973931027043048 0.22684433994013153 -0.0 -88.6826 -0.0 0.0 1.0 0
0.22956072109139547 0.9732943415699068 0.0 107.526 -0.9732943415699068 0.22956072109139547 -0.0 -89.3145 -0.0 0.0 1.0 0
0.23428820190963273 0.972167186468434 0.0 107.662 -0.972167186468434 0.23428820190963273 -0.0 -89.9248 -0.0 0.0 1.0 0
0.24231021914233397 0.9701988237980884 0.0 107.799 -0.9701988237980884 0.24231021914233397 -0.0 -90.5107 -0.0 0.0 1.0 0
0.25289013257162674 0.9674950030092689 0.0 107.922 -0.9674950030092689 0.25289013257162674 -0.0 -91.0785 -0.0 0.0 1.0 0
0.2659760734330887 0.9639796306774933 0.0 108.049 -0.9639796306774933 0.2659760734330887 -0.0 -91.626 -0.0 0.0 1.0 0
0.28266024954834457 0.9592200911809904 0.0 108.171 -0.9592200911809904 0.28266024954834457 -0.0 -92.1526 -0.0 0.0 1.0 0
0.30303550477383845 0.9529792667453292 0.0 108.295 -0.9529792667453292 0.30303550477383845 -0.0 -92.6669 -0.0 0.0 1.0 0
0.32674390894715166 0.9451129128130329 0.0 108.429 -0.9451129128130329 0.32674390894715166 -0.0 -93.1716 -0.0 0.0 1.0 0
0.35340297409793964 0.9354711849644173 0.0 108.566 -0.9354711849644173 0.35340297409793964 -0.0 -93.6792 -0.0 0.0 1.0 0
0.38462019115952595 0.9230749203355109 0.0 108.715 -0.9230749203355109 0.38462019115952595 -0.0 -94.1749 -0.0 0.0 1.0 0
0.41921120917432797 0.9078887388345545 0.0 108.87 -0.9078887388345545 0.41921120917432797 -0.0 -94.6649 -0.0 0.0 1.0 0
0.45729071532958043 0.8893172671624906 0.0 109.041 -0.8893172671624906 0.45729071532958043 -0.0 -95.1455 -0.0 0.0 1.0 0
0.4976838087062613 0.8673585340282469 0.0 109.227 -0.8673585340282469 0.4976838087062613 -0.0 -95.616 -0.0 0.0 1.0 0
0.539974091102394 0.8416816387079757 0.0 109.43 -0.8416816387079757 0.539974091102394 -0.0 -96.0797 -0.0 0.0 1.0 0
0.5837765155285584 0.8119143919880561 0.0 109.647 -0.8119143919880561 0.5837765155285584 -0.0 -96.5311 -0.0 0.0 1.0 0
0.6295604357957821 0.776951515656302 0.0 109.884 -0.776951515656302 0.6295604357957821 -0.0 -96.9622 -0.0 0.0 1.0 0
0.6766411684642956 0.7363129288144225 0.0 110.14 -0.7363129288144225 0.6766411684642956 -0.0 -97.3727 -0.0 0.0 1.0 0
0.7239218639416015 0.6898819717222051 0.0 110.418 -0.6898819717222051 0.7239218639416015 -0.0 -97.7604 -0.0 0.0 1.0 0
0.7691131264648168 0.6391126651064856 0.0 110.718 -0.6391126651064856 0.7691131264648168 -0.0 -98.132 -0.0 0.0 1.0 0
0.8112321784413822 0.5847241680153553 0.0 111.027 -0.5847241680153553 0.8112321784413822 -0.0 -98.4858 -0.0 0.0 1.0 0
0.8502169796817489 0.5264324149032282 0.0 111.367 -0.5264324149032282 0.8502169796817489 -0.0 -98.8119 -0.0 0.0 1.0 0
0.8848259541795285 0.4659217002998325 0.0 111.729 -0.4659217002998325 0.8848259541795285 -0.0 -99.1146 -0.0 0.0 1.0 0
0.9147813576790362 0.40394933796566507 0.0 112.114 -0.40394933796566507 0.9147813576790362 -0.0 -99.391 -0.0 0.0 1.0 0
0.94021305766403 0.3405868555861417 0.0 112.511 -0.3405868555861417 0.94021305766403 -0.0 -99.6413 -0.0 0.0 1.0 0
0.9610670444003563 0.27631528399197086 0.0 112.928 -0.27631528399197086 0.9610670444003563 -0.0 -99.8678 -0.0 0.0 1.0 0
0.9770855000311327 0.21284718844492945 0.0 113.36 -0.21284718844492945 0.9770855000311327 -0.0 -100.067 -0.0 0.0 1.0 0
0.9883198387328511 0.15239388559608022 0.0 113.801 -0.15239388559608022 0.9883198387328511 -0.0 -100.236 -0.0 0.0 1.0 0
0.9953482771675837 0.09634213584679824 0.0 114.256 -0.09634213584679824 0.9953482771675837 -0.0 -100.378 -0.0 0.0 1.0 0
0.998919599635247 0.04647185669367934 0.0 114.72 -0.04647185669367934 0.998919599635247 -0.0 -100.487 -0.0 0.0 1.0 0
0.9999928702785377 0.0037761610256489705 0.0 115.188 -0.0037761610256489705 0.9999928702785377 -0.0 -100.575 -0.0 0.0 1.0 0
0.9994373655817187 -0.03354030827338902 0.0 115.675 0.03354030827338902 0.9994373655817187 0.0 -100.625 0.0 0.0 1.0 0
0.9978430235927407 -0.0656452608136881 0.0 116.161 0.0656452608136881 0.9978430235927407 0.0 -100.647 0.0 0.0 1.0 0
0.9961011060885321 -0.08821896876070935 0.0 116.64 0.08821896876070935 0.9961011060885321 0.0 -100.638 0.0 0.0 1.0 0
0.9945487008050441 -0.10427311123678458 0.0 117.139 0.10427311123678458 0.9945487008050441 0.0 -100.611 0.0 0.0 1.0 0
0.9931288247790916 -0.11702622523562994 0.0 117.641 0.11702622523562994 0.9931288247790916 0.0 -100.587 0.0 0.0 1.0 0
0.9919051170123125 -0.1269812539109241 0.0 118.15 0.1269812539109241 0.9919051170123125 0.0 -100.547 0.0 0.0 1.0 0
0.9911058283496792 -0.13307605724282764 0.0 118.664 0.13307605724282764 0.9911058283496792 0.0 -100.5 0.0 0.0 1.0 0
0.9907151969207915 -0.13595366339381015 0.0 119.191 0.13595366339381015 0.9907151969207915 0.0 -100.442 0.0 0.0 1.0 0
0.9906337194930741 -0.13654608673747232 0.0 119.734 0.13654608673747232 0.9906337194930741 0.0 -100.376 0.0 0.0 1.0 0
0.990981371033161 -0.1339997099445989 0.0 120.291 0.1339997099445989 0.990981371033161 0.0 -100.294 0.0 0.0 1.0 0
0.9914960417673017 -0.13013684781710794 0.0 120.844 0.13013684781710794 0.9914960417673017 0.0 -100.204 0.0 0.0 1.0 0
0.9920664632653751 -0.1257144878847708 0.0 121.412 0.1257144878847708 0.9920664632653751 0.0 -100.122 0.0 0.0 1.0 0
0.9926085457896088 -0.12136010392809549 0.0 122.002 0.12136010392809549 0.9926085457896088 0.0 -100.049 0.0 0.0 1.0 0
0.9932490669691276 -0.11600125415251963 0.0 122.611 0.11600125415251963 0.9932490669691276 0.0 -99.9781 0.0 0.0 1.0 0
0.9937558827680163 -0.11157618681403597 0.0 123.227 0.11157618681403597 0.9937558827680163 0.0 -99.8922 0.0 0.0 1.0 0
0.994166981599104 -0.1078518089701183 0.0 123.857 0.1078518089701183 0.994166981599104 0.0 -99.8158 0.0 0.0 1.0 0
0.9945593314887294 -0.10417166672704962 0.0 124.504 0.10417166672704962 0.9945593314887294 0.0 -99.743 0.0 0.0 1.0 0
0.9948610949678572 -0.10124920601839921 0.0 125.161 0.10124920601839921 0.9948610949678572 0.0 -99.6656 0.0 0.0 1.0 0
0.9949123004490873 -0.10074479845185623 0.0 125.816 0.10074479845185623 0.9949123004490873 0.0 -99.5954 0.0 0.0 1.0 0
0.9949042376815004 -0.10082439111342388 0.0 126.487 0.10082439111342388 0.9949042376815004 0.0 -99.5281 0.0 0.0 1.0 0
0.9948532958297358 -0.10132581002248275 0.0 127.168 0.10132581002248275 0.9948532958297358 0.0 -99.4656 0.0 0.0 1.0 0
0.9945843040451954 -0.10393296948963984 0.0 127.855 0.10393296948963984 0.9945843040451954 0.0 -99.4084 0.0 0.0 1.0 0
0.9942794643254783 -0.10680986293708936 0.0 128.577 0.10680986293708936 0.9942794643254783 0.0 -99.329 0.0 0.0 1.0 0
0.9941119562458235 -0.1083578259707248 0.0 129.302 0.1083578259707248 0.9941119562458235 0.0 -99.2528 0.0 0.0 1.0 0
0.9938258675996154 -0.11095109233293594 0.0 130.032 0.11095109233293594 0.9938258675996154 0.0 -99.1833 0.0 0.0 1.0 0
0.993645047930537 -0.11255895665437206 0.0 130.777 0.11255895665437206 0.993645047930537 0.0 -99.1125 0.0 0.0 1.0 0
0.9933993733870345 -0.11470695251050451 0.0 131.522 0.11470695251050451 0.9933993733870345 0.0 -99.0401 0.0 0.0 1.0 0
0.9929681588201669 -0.11838173663740502 0.0 132.285 0.11838173663740502 0.9929681588201669 0.0 -98.9608 0.0 0.0 1.0 0
0.9925101628171296 -0.12216209193000499 0.0 133.051 0.12216209193000499 0.9925101628171296 0.0 -98.8756 0.0 0.0 1.0 0
0.9919906033838177 -0.12631168907986795 0.0 133.828 0.12631168907986795 0.9919906033838177 0.0 -98.7792 0.0 0.0 1.0 0
0.9915184106388065 -0.12996630857378053 0.0 134.625 0.12996630857378053 0.9915184106388065 0.0 -98.6766 0.0 0.0 1.0 0
0.9912831286499872 -0.1317488476378178 0.0 135.428 0.1317488476378178 0.9912831286499872 0.0 -98.5765 0.0 0.0 1.0 0
0.9911039651877495 -0.13308993271138256 0.0 136.238 0.13308993271138256 0.9911039651877495 0.0 -98.4669 0.0 0.0 1.0 0
0.9910346244286053 -0.13360528875629554 0.0 137.048 0.13360528875629554 0.9910346244286053 0.0 -98.348 0.0 0.0 1.0 0
0.9909317233089386 -0.1343663638712351 0.0 137.879 0.1343663638712351 0.9909317233089386 0.0 -98.2438 0.0 0.0 1.0 0
0.9909880697799287 -0.13395016070856827 0.0 138.708 0.13395016070856827 0.9909880697799287 0.0 -98.1421 0.0 0.0 1.0 0
0.9910734616061835 -0.13331689202774233 0.0 139.544 0.13331689202774233 0.9910734616061835 0.0 -98.0384 0.0 0.0 1.0 0
0.9912314069407715 -0.1321374204917694 0.0 140.397 0.1321374204917694 0.9912314069407715 0.0 -97.9375 0.0 0.0 1.0 0
0.9916128926026087 -0.1292434571817363 0.0 141.249 0.1292434571817363 0.9916128926026087 0.0 -97.8352 0.0 0.0 1.0 0
0.9919942660056685 -0.12628292129925972 0.0 142.085 0.12628292129925972 0.9919942660056685 0.0 -97.7354 0.0 0.0 1.0 0
0.9923461920347647 -0.12348698374363995 0.0 142.95 0.12348698374363995 0.9923461920347647 0.0 -97.6344 0.0 0.0 1.0 0
0.9925567563195863 -0.12178294414383933 0.0 143.801 0.12178294414383933 0.9925567563195863 0.0 -97.5287 0.0 0.0 1.0 0
0.9927316963711533 -0.1203485729871867 0.0 144.658 0.1203485729871867 0.9927316963711533 0.0 -97.4148 0.0 0.0 1.0 0
0.9927462512811569 -0.1202284515712072 0.0 145.507 0.1202284515712072 0.9927462512811569 0.0 -97.2995 0.0 0.0 1.0 0
0.9928764722320078 -0.11914827270306139 0.0 146.369 0.11914827270306139 0.9928764722320078 0.0 -97.1902 0.0 0.0 1.0 0
0.993110439421989 -0.11718214501818999 0.0 147.239 0.11718214501818999 0.993110439421989 0.0 -97.0924 0.0 0.0 1.0 0
0.9932321202000329 -0.11614626727944057 0.0 148.102 0.11614626727944057 0.9932321202000329 0.0 -96.9946 0.0 0.0 1.0 0
0.9933418957382499 -0.11520363783813342 0.0 148.949 0.11520363783813342 0.9933418957382499 0.0 -96.9071 0.0 0.0 1.0 0
0.9934793108523563 -0.11401253838208857 0.0 149.79 0.11401253838208857 0.9934793108523563 0.0 -96.8103 0.0 0.0 1.0 0
0.9935172219439727 -0.1136817034563208 0.0 150.61 0.1136817034563208 0.9935172219439727 0.0 -96.7065 0.0 0.0 1.0 0
0.9935210865476365 -0.11364792380507317 0.0 151.438 0.11364792380507317 0.9935210865476365 0.0 -96.6067 0.0 0.0 1.0 0
0.9934044195313327 -0.11466324282705323 0.0 152.275 0.11466324282705323 0.9934044195313327 0.0 -96.5123 0.0 0.0 1.0 0
0.9932347913014703 -0.11612342290995728 0.0 153.131 0.11612342290995728 0.9932347913014703 0.0 -96.4152 0.0 0.0 1.0 0
0.9930496058359043 -0.11769656048141429 0.0 153.979 0.11769656048141429 0.9930496058359043 0.0 -96.313 0.0 0.0 1.0 0
0.993005990135275 -0.1180639807708606 0.0 154.81 0.1180639807708606 0.993005990135275 0.0 -96.2235 0.0 0.0 1.0 0
0.9928137825609266 -0.11966951640691685 0.0 155.626 0.11966951640691685 0.9928137825609266 0.0 -96.1421 0.0 0.0 1.0 0
0.9926845641954081 -0.12073672187107251 0.0 156.449 0.12073672187107251 0.9926845641954081 0.0 -96.0418 0.0 0.0 1.0 0
0.9924023989251531 -0.12303446105705974 0.0 157.264 0.12303446105705974 0.9924023989251531 0.0 -95.9359 0.0 0.0 1.0 0
0.9920609308675896 -0.1257581386874488 0.0 158.1 0.1257581386874488 0.9920609308675896 0.0 -95.8392 0.0 0.0 1.0 0
0.9916011273422481 -0.12933369341970608 0.0 158.922 0.12933369341970608 0.9916011273422481 0.0 -95.7364 0.0 0.0 1.0 0
0.9909055030280605 -0.13455959300141523 0.0 159.73 0.13455959300141523 0.9909055030280605 0.0 -95.633 0.0 0.0 1.0 0
0.9905082276965596 -0.13745344981272917 0.0 160.557 0.13745344981272917 0.9905082276965596 0.0 -95.5374 0.0 0.0 1.0 0
0.9902369165398254 -0.13939458067550153 0.0 161.372 0.13939458067550153 0.9902369165398254 0.0 -95.4426 0.0 0.0 1.0 0
0.9899585503192768 -0.14135794512426875 0.0 162.184 0.14135794512426875 0.9899585503192768 0.0 -95.334 0.0 0.0 1.0 0
0.9897591081186192 -0.1427477071487856 0.0 162.995 0.1427477071487856 0.9897591081186192 0.0 -95.221 0.0 0.0 1.0 0
0.9895337744821031 -0.1443014523807794 0.0 163.789 0.1443014523807794 0.9895337744821031 0.0 -95.111 0.0 0.0 1.0 0
0.9891716901622807 -0.14676296324855606 0.0 164.595 0.14676296324855606 0.9891716901622807 0.0 -94.9965 0.0 0.0 1.0 0
0.9884659843108853 -0.15144305154186757 0.0 165.394 0.15144305154186757 0.9884659843108853 0.0 -94.8704 0.0 0.0 1.0 0
0.9874452546414371 -0.15796160636720383 0.0 166.193 0.15796160636720383 0.9874452546414371 0.0 -94.7503 0.0 0.0 1.0 0
0.9863930487905264 -0.16440423746889973 0.0 166.989 0.16440423746889973 0.9863930487905264 0.0 -94.6343 0.0 0.0 1.0 0
0.9853085444337196 -0.17078370023484316 0.0 167.776 0.17078370023484316 0.9853085444337196 0.0 -94.5113 0.0 0.0 1.0 0
0.9847352430809013 -0.17405890104903604 0.0 168.587 0.17405890104903604 0.9847352430809013 0.0 -94.3809 0.0 0.0 1.0 0
0.9839800059577558 -0.17827884864833196 0.0 169.375 0.17827884864833196 0.9839800059577558 0.0 -94.2564 0.0 0.0 1.0 0
0.9831955508587127 -0.18255549504639013 0.0 170.174 0.18255549504639013 0.9831955508587127 0.0 -94.1303 0.0 0.0 1.0 0
0.9818384179632133 -0.18971905811355552 0.0 170.953 0.18971905811355552 0.9818384179632133 0.0 -93.992 0.0 0.0 1.0 0
0.9806462333960865 -0.1957880612449808 0.0 171.739 0.1957880612449808 0.9806462333960865 0.0 -93.8442 0.0 0.0 1.0 0
0.9792946417384066 -0.20244012611744194 0.0 172.533 0.20244012611744194 0.9792946417384066 0.0 -93.6954 0.0 0.0 1.0 0
0.9777773334055475 -0.20964609769403486 0.0 173.344 0.20964609769403486 0.9777773334055475 0.0 -93.5551 0.0 0.0 1.0 0
0.9760836789329117 -0.2173951510977017 0.0 174.151 0.2173951510977017 0.9760836789329117 0.0 -93.4033 0.0 0.0 1.0 0
0.9737893609015439 -0.22745171046831628 0.0 174.941 0.22745171046831628 0.9737893609015439 0.0 -93.2376 0.0 0.0 1.0 0
0.9718145019037195 -0.23574684279884947 0.0 175.744 0.23574684279884947 0.9718145019037195 0.0 -93.0555 0.0 0.0 1.0 0
0.9698772343995765 -0.24359423267686126 0.0 176.557 0.24359423267686126 0.9698772343995765 0.0 -92.872 0.0 0.0 1.0 0
0.9678793660432102 -0.25141506078155584 0.0 177.363 0.25141506078155584 0.9678793660432102 0.0 -92.6848 0.0 0.0 1.0 0
0.9657702022004844 -0.25939914522148205 0.0 178.158 0.25939914522148205 0.9657702022004844 0.0 -92.4969 0.0 0.0 1.0 0
0.9637434179156374 -0.2668307036761044 0.0 178.956 0.2668307036761044 0.9637434179156374 0.0 -92.2957 0.0 0.0 1.0 0
0.9619791128301167 -0.2731230244387709 0.0 179.754 0.2731230244387709 0.9619791128301167 0.0 -92.0831 0.0 0.0 1.0 0
0.9608833591999678 -0.27695337154941035 0.0 180.554 0.27695337154941035 0.9608833591999678 0.0 -91.8612 0.0 0.0 1.0 0
0.9596571540153439 -0.2811728058457477 0.0 181.346 0.2811728058457477 0.9596571540153439 0.0 -91.6482 0.0 0.0 1.0 0
0.958602560328959 -0.2847474869612803 0.0 182.129 0.2847474869612803 0.958602560328959 0.0 -91.4326 0.0 0.0 1.0 0
0.9578084087427402 -0.28740746709454157 0.0 182.92 0.28740746709454157 0.9578084087427402 0.0 -91.211 0.0 0.0 1.0 0
0.9567873133443429 -0.2907886466547728 0.0 183.724 0.2907886466547728 0.9567873133443429 0.0 -90.9748 0.0 0.0 1.0 0
0.9561276881199395 -0.2929502415264743 0.0 184.526 0.2929502415264743 0.9561276881199395 0.0 -90.746 0.0 0.0 1.0 0
0.9551039151655714 -0.2962710097788796 0.0 185.33 0.2962710097788796 0.9551039151655714 0.0 -90.5116 0.0 0.0 1.0 0
0.953680142959692 -0.3008225139918579 0.0 186.102 0.3008225139918579 0.953680142959692 0.0 -90.2789 0.0 0.0 1.0 0
0.952052512952238 -0.30593465410333737 0.0 186.875 0.30593465410333737 0.952052512952238 0.0 -90.024 0.0 0.0 1.0 0
0.9499376651481422 -0.31243948587349857 0.0 187.646 0.31243948587349857 0.9499376651481422 0.0 -89.7838 0.0 0.0 1.0 0
0.9477499856167538 -0.31901405104390446 0.0 188.433 0.31901405104390446 0.9477499856167538 0.0 -89.5367 0.0 0.0 1.0 0
0.9453669400555691 -0.3260082033476613 0.0 189.226 0.3260082033476613 0.9453669400555691 0.0 -89.2805 0.0 0.0 1.0 0
0.9428836544320723 -0.3331222211213482 0.0 190.014 0.3331222211213482 0.9428836544320723 0.0 -89.0087 0.0 0.0 1.0 0
0.9408584752162377 -0.3387998370923107 0.0 190.795 0.3387998370923107 0.9408584752162377 0.0 -88.7255 0.0 0.0 1.0 0
0.938812541759323 -0.34442852877687025 0.0 191.592 0.34442852877687025 0.938812541759323 0.0 -88.447 0.0 0.0 1.0 0
0.9366797173205733 -0.35018724585605754 0.0 192.369 0.35018724585605754 0.9366797173205733 0.0 -88.1631 0.0 0.0 1.0 0
0.9340077033125996 -0.357252865842561 0.0 193.142 0.357252865842561 0.9340077033125996 0.0 -87.8693 0.0 0.0 1.0 0
0.9318568206870811 -0.3628262197512264 0.0 193.92 0.3628262197512264 0.9318568206870811 0.0 -87.566 0.0 0.0 1.0 0
0.929603776870999 -0.3685604672603584 0.0 194.71 0.3685604672603584 0.929603776870999 0.0 -87.2769 0.0 0.0 1.0 0
0.9276907577502362 -0.37334951183146386 0.0 195.504 0.37334951183146386 0.9276907577502362 0.0 -86.9845 0.0 0.0 1.0 0
0.9258316978020945 -0.3779360625091116 0.0 196.293 0.3779360625091116 0.9258316978020945 0.0 -86.6791 0.0 0.0 1.0 0
0.9243739824131542 -0.38148753667406465 0.0 197.07 0.38148753667406465 0.9243739824131542 0.0 -86.3669 0.0 0.0 1.0 0
0.9237746738569664 -0.38293648551744885 0.0 197.858 0.38293648551744885 0.9237746738569664 0.0 -86.0532 0.0 0.0 1.0 0
0.9227901745971849 -0.3853028596661295 0.0 198.641 0.3853028596661295 0.9227901745971849 0.0 -85.7526 0.0 0.0 1.0 0
0.9219360151299004 -0.3873422052996549 0.0 199.42 0.3873422052996549 0.9219360151299004 0.0 -85.431 0.0 0.0 1.0 0
0.9208833234840786 -0.3898383056203146 0.0 200.205 0.3898383056203146 0.9208833234840786 0.0 -85.0893 0.0 0.0 1.0 0
0.9210220475634141 -0.38951044646080557 0.0 201.006 0.38951044646080557 0.9210220475634141 0.0 -84.7538 0.0 0.0 1.0 0
0.9210243846095145 -0.389504920321509 0.0 201.791 0.389504920321509 0.9210243846095145 0.0 -84.4258 0.0 0.0 1.0 0
0.9204011710219799 -0.3909752989401864 0.0 202.582 0.3909752989401864 0.9204011710219799 0.0 -84.0963 0.0 0.0 1.0 0
0.9196613696913669 -0.39271231849459337 0.0 203.366 0.39271231849459337 0.9196613696913669 0.0 -83.765 0.0 0.0 1.0 0
0.9188314894047819 -0.39465009068564816 0.0 204.147 0.39465009068564816 0.9188314894047819 0.0 -83.418 0.0 0.0 1.0 0
0.9182230350193523 -0.396063704421207 0.0 204.927 0.396063704421207 0.9182230350193523 0.0 -83.0742 0.0 0.0 1.0 0
0.9179999056414283 -0.39658060119265637 0.0 205.716 0.39658060119265637 0.9179999056414283 0.0 -82.7457 0.0 0.0 1.0 0
0.9175563525128805 -0.39760575946942545 0.0 206.509 0.39760575946942545 0.9175563525128805 0.0 -82.4158 0.0 0.0 1.0 0
0.9168535487390758 -0.399223709421877 0.0 207.291 0.399223709421877 0.9168535487390758 0.0 -82.0784 0.0 0.0 1.0 0
0.9165658700446973 -0.3998837404411526 0.0 208.066 0.3998837404411526 0.9165658700446973 0.0 -81.7419 0.0 0.0 1.0 0
0.9166877919518712 -0.3996041692555308 0.0 208.84 0.3996041692555308 0.9166877919518712 0.0 -81.4053 0.0 0.0 1.0 0
0.9166706081251207 -0.3996435864611385 0.0 209.617 0.3996435864611385 0.9166706081251207 0.0 -81.0823 0.0 0.0 1.0 0
0.9164442630368003 -0.4001623579835267 0.0 210.387 0.4001623579835267 0.9164442630368003 0.0 -80.7504 0.0 0.0 1.0 0
