0.986296868513673 -0.16498026294112395 0.0 7.17178 0.16498026294112395 0.986296868513673 0.0 -76.2546 0.0 0.0 1.0 0
0.9812575214433912 -0.19270100313898908 0.0 7.9842 0.19270100313898908 0.9812575214433912 0.0 -76.1496 0.0 0.0 1.0 0
0.9752381487513508 -0.22115730424301658 0.0 8.80526 0.22115730424301658 0.9752381487513508 0.0 -76.0296 0.0 0.0 1.0 0
0.9683904878883609 -0.24943909670968226 0.0 9.63493 0.24943909670968226 0.9683904878883609 0.0 -75.8848 0.0 0.0 1.0 0
0.9605111008710173 -0.27824166672794776 0.0 10.4827 0.27824166672794776 0.9605111008710173 0.0 -75.721 0.0 0.0 1.0 0
0.95194292733898 -0.3062754692907895 0.0 11.3346 0.3062754692907895 0.95194292733898 0.0 -75.5304 0.0 0.0 1.0 0
0.9502427766165623 -0.3115102975634129 0.0 12.0697 0.3115102975634129 0.9502427766165623 0.0 -75.2982 0.0 0.0 1.0 0
0.9483515463076714 -0.3172212865112438 0.0 12.808 0.3172212865112438 0.9483515463076714 0.0 -75.0616 0.0 0.0 1.0 0
0.9466798386659803 -0.32217585735643434 0.0 13.5682 0.32217585735643434 0.9466798386659803 0.0 -74.8131 0.0 0.0 1.0 0
0.9449112389057012 -0.3273266725913013 0.0 14.3305 0.3273266725913013 0.9449112389057012 0.0 -74.554 0.0 0.0 1.0 0
0.9435549684069844 -0.33121597424413995 0.0 15.1073 0.33121597424413995 0.9435549684069844 0.0 -74.2888 0.0 0.0 1.0 0
0.9423317154797277 -0.3346803519793679 0.0 15.888 0.3346803519793679 0.9423317154797277 0.0 -74.0182 0.0 0.0 1.0 0
0.941274824840335 -0.33764138389983633 0.0 16.6727 0.33764138389983633 0.941274824840335 0.0 -73.741 0.0 0.0 1.0 0
0.9404410398093872 -0.33995683643992014 0.0 17.4606 0.33995683643992014 0.9404410398093872 0.0 -73.4562 0.0 0.0 1.0 0
0.9393973990546403 -0.3428301717313938 0.0 18.255 0.3428301717313938 0.9393973990546403 0.0 -73.1708 0.0 0.0 1.0 0
0.9385574076244277 -0.3451231556898404 0.0 19.0613 0.3451231556898404 0.9385574076244277 0.0 -72.8714 0.0 0.0 1.0 0
0.9376652573319743 -0.34753973181862596 0.0 19.8613 0.34753973181862596 0.9376652573319743 0.0 -72.5766 0.0 0.0 1.0 0
0.936926017004574 -0.34952773661033654 0.0 20.6641 0.34952773661033654 0.936926017004574 0.0 -72.2759 0.0 0.0 1.0 0
0.9361196257509314 -0.35168174004906194 0.0 21.4802 0.35168174004906194 0.9361196257509314 0.0 -71.9739 0.0 0.0 1.0 0
0.9356090563492426 -0.35303780771651033 0.0 22.3102 0.35303780771651033 0.9356090563492426 0.0 -71.661 0.0 0.0 1.0 0
0.9348336605319622 -0.35508594331008386 0.0 23.1455 0.35508594331008386 0.9348336605319622 0.0 -71.337 0.0 0.0 1.0 0
0.9341683725285246 -0.35683252621840356 0.0 23.9854 0.35683252621840356 0.9341683725285246 0.0 -71.0222 0.0 0.0 1.0 0
0.9335216928383425 -0.3585209184974223 0.0 24.8376 0.3585209184974223 0.9335216928383425 0.0 -70.6922 0.0 0.0 1.0 0
0.9327775550442141 -0.3604525389087141 0.0 25.697 0.3604525389087141 0.9327775550442141 0.0 -70.3646 0.0 0.0 1.0 0
0.9320931852975743 -0.3622185720277493 0.0 26.5498 0.3622185720277493 0.9320931852975743 0.0 -70.0296 0.0 0.0 1.0 0
0.9316876424956483 -0.36326042561900557 0.0 27.4186 0.36326042561900557 0.9316876424956483 0.0 -69.6861 0.0 0.0 1.0 0
0.9314935285994294 -0.3637578950035093 0.0 28.2815 0.3637578950035093 0.9314935285994294 0.0 -69.3483 0.0 0.0 1.0 0
0.9316560353126875 -0.36334148106904135 0.0 29.1559 0.36334148106904135 0.9316560353126875 0.0 -69.0116 0.0 0.0 1.0 0
0.9320225349550549 -0.3624003233110499 0.0 30.0501 0.3624003233110499 0.9320225349550549 0.0 -68.6666 0.0 0.0 1.0 0
0.9324365109488365 -0.3613338526204821 0.0 30.9355 0.3613338526204821 0.9324365109488365 0.0 -68.3232 0.0 0.0 1.0 0
0.9328481858245967 -0.3602697075855237 0.0 31.8243 0.3602697075855237 0.9328481858245967 0.0 -67.9808 0.0 0.0 1.0 0
0.9330584242451362 -0.35972486283989813 0.0 32.7131 0.35972486283989813 0.9330584242451362 0.0 -67.6374 0.0 0.0 1.0 0
0.9333196976231769 -0.35904643436271816 0.0 33.6084 0.35904643436271816 0.9333196976231769 0.0 -67.2894 0.0 0.0 1.0 0
0.9333739029942484 -0.35890549899560376 0.0 34.5143 0.35890549899560376 0.9333739029942484 0.0 -66.9338 0.0 0.0 1.0 0
0.93310518059283 -0.35960356220541273 0.0 35.4262 0.35960356220541273 0.93310518059283 0.0 -66.5758 0.0 0.0 1.0 0
0.9326098437747502 -0.3608862414867544 0.0 36.3339 0.3608862414867544 0.9326098437747502 0.0 -66.2147 0.0 0.0 1.0 0
0.9321315752296379 -0.36211976811534885 0.0 37.2612 0.36211976811534885 0.9321315752296379 0.0 -65.8393 0.0 0.0 1.0 0
0.9313978280589086 -0.36400286521832187 0.0 38.1899 0.36400286521832187 0.9313978280589086 0.0 -65.4661 0.0 0.0 1.0 0
0.9308069214952203 -0.3655112513953448 0.0 39.1282 0.3655112513953448 0.9308069214952203 0.0 -65.093 0.0 0.0 1.0 0
0.9298243778063087 -0.3680035685113812 0.0 40.071 0.3680035685113812 0.9298243778063087 0.0 -64.7198 0.0 0.0 1.0 0
0.9294049877540584 -0.36906147013455415 0.0 41.0307 0.36906147013455415 0.9294049877540584 0.0 -64.3307 0.0 0.0 1.0 0
0.9287558539115311 -0.3706920066916235 0.0 41.9822 0.3706920066916235 0.9287558539115311 0.0 -63.9502 0.0 0.0 1.0 0
0.9282437867163528 -0.37197240814674176 0.0 42.9404 0.37197240814674176 0.9282437867163528 0.0 -63.5647 0.0 0.0 1.0 0
0.9276310099541565 -0.373497937573197 0.0 43.8795 0.373497937573197 0.9276310099541565 0.0 -63.1783 0.0 0.0 1.0 0
0.9276007535781526 -0.373573074459661 0.0 44.8316 0.373573074459661 0.9276007535781526 0.0 -62.7866 0.0 0.0 1.0 0
0.9272188520509103 -0.3745199599505908 0.0 45.7751 0.3745199599505908 0.9272188520509103 0.0 -62.4093 0.0 0.0 1.0 0
0.9269238177275636 -0.3752495651288065 0.0 46.7021 0.3752495651288065 0.9269238177275636 0.0 -62.0275 0.0 0.0 1.0 0
0.9268566332059813 -0.375415478479608 0.0 47.6241 0.375415478479608 0.9268566332059813 0.0 -61.6529 0.0 0.0 1.0 0
0.9266642990044477 -0.37588997984861944 0.0 48.5535 0.37588997984861944 0.9266642990044477 0.0 -61.2778 0.0 0.0 1.0 0
0.926238197913262 -0.3769387227738653 0.0 49.4855 0.3769387227738653 0.926238197913262 0.0 -60.896 0.0 0.0 1.0 0
0.9255298100695729 -0.37867475578995263 0.0 50.396 0.37867475578995263 0.9255298100695729 0.0 -60.5153 0.0 0.0 1.0 0
0.9250223149355311 -0.3799127753462775 0.0 51.3419 0.3799127753462775 0.9250223149355311 0.0 -60.119 0.0 0.0 1.0 0
0.9248980340043518 -0.38021523732602436 0.0 52.2594 0.38021523732602436 0.9248980340043518 0.0 -59.743 0.0 0.0 1.0 0
0.9241831231060194 -0.38194967596007245 0.0 53.1448 0.38194967596007245 0.9241831231060194 0.0 -59.3598 0.0 0.0 1.0 0
0.9237827153194694 -0.38291708616486175 0.0 54.0421 0.38291708616486175 0.9237827153194694 0.0 -58.9813 0.0 0.0 1.0 0
0.9235899911705823 -0.38338170041034 0.0 54.9523 0.38338170041034 0.9235899911705823 0.0 -58.5951 0.0 0.0 1.0 0
0.9234795389392667 -0.38364767842451425 0.0 55.9026 0.38364767842451425 0.9234795389392667 0.0 -58.1913 0.0 0.0 1.0 0
0.9232080692530645 -0.38430048252120214 0.0 56.8372 0.38430048252120214 0.9232080692530645 0.0 -57.7951 0.0 0.0 1.0 0
0.9230685073558716 -0.38463558172353635 0.0 57.7751 0.38463558172353635 0.9230685073558716 0.0 -57.3945 0.0 0.0 1.0 0
0.9228641357369178 -0.38512567685179305 0.0 58.7131 0.38512567685179305 0.9228641357369178 0.0 -56.9901 0.0 0.0 1.0 0
0.9223599883798267 -0.38633153098856166 0.0 59.6419 0.38633153098856166 0.9223599883798267 0.0 -56.5949 0.0 0.0 1.0 0
0.921757352414202 -0.3877671766284 0.0 60.5729 0.3877671766284 0.921757352414202 0.0 -56.1921 0.0 0.0 1.0 0
0.9214289715636832 -0.3885468444899444 0.0 61.4951 0.3885468444899444 0.9214289715636832 0.0 -55.7953 0.0 0.0 1.0 0
0.9211843933370807 -0.389126346412312 0.0 62.4209 0.389126346412312 0.9211843933370807 0.0 -55.4029 0.0 0.0 1.0 0
0.9206652600033189 -0.3903530184628026 0.0 63.3397 0.3903530184628026 0.9206652600033189 0.0 -55.0173 0.0 0.0 1.0 0
0.9200634166377682 -0.3917694594590504 0.0 64.2365 0.3917694594590504 0.9200634166377682 0.0 -54.6354 0.0 0.0 1.0 0
0.9194688302576597 -0.39316290540259635 0.0 65.0853 0.39316290540259635 0.9194688302576597 0.0 -54.2704 0.0 0.0 1.0 0
0.9188516153644577 -0.3946032297664664 0.0 65.9269 0.3946032297664664 0.9188516153644577 0.0 -53.9114 0.0 0.0 1.0 0
0.9180811853746305 -0.3963924028801681 0.0 66.7612 0.3963924028801681 0.9180811853746305 0.0 -53.55 0.0 0.0 1.0 0
0.9174461805173254 -0.39785990732187526 0.0 67.6037 0.39785990732187526 0.9174461805173254 0.0 -53.1848 0.0 0.0 1.0 0
0.9167257502113397 -0.39951708211221265 0.0 68.3942 0.39951708211221265 0.9167257502113397 0.0 -52.8348 0.0 0.0 1.0 0
0.9158156821208954 -0.4015988500748465 0.0 69.1944 0.4015988500748465 0.9158156821208954 0.0 -52.4811 0.0 0.0 1.0 0
0.9150562350369779 -0.403326278241266 0.0 69.9834 0.403326278241266 0.9150562350369779 0.0 -52.1317 0.0 0.0 1.0 0
0.9143340303056426 -0.40496083887832923 0.0 70.7541 0.40496083887832923 0.9143340303056426 0.0 -51.7894 0.0 0.0 1.0 0
0.9129784037017995 -0.4080078851861984 0.0 71.0969 0.4080078851861984 0.9129784037017995 0.0 -51.5918 0.0 0.0 1.0 0
0.911667284395564 -0.4109291454287684 0.0 71.4255 0.4109291454287684 0.911667284395564 0.0 -51.4031 0.0 0.0 1.0 0
0.9107490593072667 -0.41296022928476867 0.0 72.0073 0.41296022928476867 0.9107490593072667 0.0 -51.1301 0.0 0.0 1.0 0
0.9096124691033775 -0.41545776686885655 0.0 72.5823 0.41545776686885655 0.9096124691033775 0.0 -50.8567 0.0 0.0 1.0 0
0.9087271508893776 -0.41739066261294633 0.0 73.1347 0.41739066261294633 0.9087271508893776 0.0 -50.5928 0.0 0.0 1.0 0
0.9077743974208792 -0.4194587505192372 0.0 73.6697 0.4194587505192372 0.9077743974208792 0.0 -50.3263 0.0 0.0 1.0 0
0.9068632996168356 -0.4214249112333837 0.0 74.1771 0.4214249112333837 0.9068632996168356 0.0 -50.0772 0.0 0.0 1.0 0
0.9065241809192502 -0.422153893039828 0.0 74.7981 0.422153893039828 0.9065241809192502 0.0 -49.7902 0.0 0.0 1.0 0
0.9059000945336355 -0.4234914623979453 0.0 75.4034 0.4234914623979453 0.9059000945336355 0.0 -49.5125 0.0 0.0 1.0 0
0.9052166745323044 -0.4249503172709443 0.0 75.9837 0.4249503172709443 0.9052166745323044 0.0 -49.2473 0.0 0.0 1.0 0
0.9046485593774855 -0.4261584024940025 0.0 76.5498 0.4261584024940025 0.9046485593774855 0.0 -48.9809 0.0 0.0 1.0 0
0.904426834709693 -0.4266287621070639 0.0 77.0896 0.4266287621070639 0.904426834709693 0.0 -48.7116 0.0 0.0 1.0 0
0.904651542464139 -0.4261520699436459 0.0 77.6152 0.4261520699436459 0.904651542464139 0.0 -48.4532 0.0 0.0 1.0 0
0.9057323208890953 -0.42385016562088657 0.0 78.1351 0.42385016562088657 0.9057323208890953 0.0 -48.2103 0.0 0.0 1.0 0
0.907313284597185 -0.42045523375677885 0.0 78.6531 0.42045523375677885 0.907313284597185 0.0 -47.9747 0.0 0.0 1.0 0
0.9089653328036282 -0.41687171139475204 0.0 79.1498 0.41687171139475204 0.9089653328036282 0.0 -47.7329 0.0 0.0 1.0 0
0.9110614092190721 -0.4122706739895024 0.0 79.6237 0.4122706739895024 0.9110614092190721 0.0 -47.4971 0.0 0.0 1.0 0
0.9141071088801515 -0.4054728024106807 0.0 80.0983 0.4054728024106807 0.9141071088801515 0.0 -47.2661 0.0 0.0 1.0 0
0.9181113085458019 -0.3963226275653655 0.0 80.5673 0.3963226275653655 0.9181113085458019 0.0 -47.0506 0.0 0.0 1.0 0
0.923687723474908 -0.3831461725004464 0.0 81.0236 0.3831461725004464 0.923687723474908 0.0 -46.8454 0.0 0.0 1.0 0
0.9301140759038655 -0.3672707527226996 0.0 81.4673 0.3672707527226996 0.9301140759038655 0.0 -46.6489 0.0 0.0 1.0 0
0.937743430036322 -0.3473287483404069 0.0 81.9037 0.3473287483404069 0.937743430036322 0.0 -46.4512 0.0 0.0 1.0 0
0.9462805829420885 -0.32334665352649195 0.0 82.3326 0.32334665352649195 0.9462805829420885 0.0 -46.2548 0.0 0.0 1.0 0
0.9552128782227136 -0.2959195114849294 0.0 82.7562 0.2959195114849294 0.9552128782227136 0.0 -46.0751 0.0 0.0 1.0 0
0.9641712355441842 -0.2652806599607317 0.0 83.1785 0.2652806599607317 0.9641712355441842 0.0 -45.901 0.0 0.0 1.0 0
0.9733276926156913 -0.22941927292059489 0.0 83.5993 0.22941927292059489 0.9733276926156913 0.0 -45.7451 0.0 0.0 1.0 0
0.9819736270905584 -0.18901797718368735 0.0 84.0198 0.18901797718368735 0.9819736270905584 0.0 -45.601 0.0 0.0 1.0 0
0.989474527717972 -0.14470714908841356 0.0 84.4336 0.14470714908841356 0.989474527717972 0.0 -45.4722 0.0 0.0 1.0 0
0.9954163240012073 -0.09563650930436354 0.0 84.8399 0.09563650930436354 0.9954163240012073 0.0 -45.362 0.0 0.0 1.0 0
0.9991327516372401 -0.0416382589188948 0.0 85.2429 0.0416382589188948 0.9991327516372401 0.0 -45.2634 0.0 0.0 1.0 0
0.9998590076058871 0.01679181078295579 0.0 85.6449 -0.01679181078295579 0.9998590076058871 -0.0 -45.1883 -0.0 0.0 1.0 0
0.9969788357137089 0.07767368369620008 0.0 86.0496 -0.07767368369620008 0.9969788357137089 -0.0 -45.1306 -0.0 0.0 1.0 0
0.9899577021537869 0.1413638848730262 0.0 86.4417 -0.1413638848730262 0.9899577021537869 -0.0 -45.0997 -0.0 0.0 1.0 0
0.9786301012151924 0.20562860937997463 0.0 86.8342 -0.20562860937997463 0.9786301012151924 -0.0 -45.0841 -0.0 0.0 1.0 0
0.9631258134929856 0.26905142144853034 0.0 87.2201 -0.26905142144853034 0.9631258134929856 -0.0 -45.1005 -0.0 0.0 1.0 0
0.943917414335474 0.3301816392748587 0.0 87.6062 -0.3301816392748587 0.943917414335474 -0.0 -45.1392 -0.0 0.0 1.0 0
0.9209441270542005 0.3896946430788813 0.0 87.985 -0.3896946430788813 0.9209441270542005 -0.0 -45.2057 -0.0 0.0 1.0 0
0.8945557766604582 0.4469563316962907 0.0 88.3557 -0.4469563316962907 0.8945557766604582 -0.0 -45.2941 -0.0 0.0 1.0 0
0.865625515035106 0.500691988871609 0.0 88.7158 -0.500691988871609 0.865625515035106 -0.0 -45.3984 -0.0 0.0 1.0 0
0.8350740239167985 0.5501375960424867 0.0 89.075 -0.5501375960424867 0.8350740239167985 -0.0 -45.5227 -0.0 0.0 1.0 0
0.8030109116040182 0.595964324305477 0.0 89.4098 -0.595964324305477 0.8030109116040182 -0.0 -45.6769 -0.0 0.0 1.0 0
0.7693961778973586 0.6387718852899963 0.0 89.732 -0.6387718852899963 0.7693961778973586 -0.0 -45.8539 -0.0 0.0 1.0 0
0.7358284863366555 0.6771679545692533 0.0 90.041 -0.6771679545692533 0.7358284863366555 -0.0 -46.05 -0.0 0.0 1.0 0
0.7037693038230699 0.7104285797998217 0.0 90.3516 -0.7104285797998217 0.7037693038230699 -0.0 -46.2583 -0.0 0.0 1.0 0
0.6731826502000327 0.739476246724437 0.0 90.6559 -0.739476246724437 0.6731826502000327 -0.0 -46.4726 -0.0 0.0 1.0 0
0.6453331555652487 0.7639012490683587 0.0 90.9427 -0.7639012490683587 0.6453331555652487 -0.0 -46.7169 -0.0 0.0 1.0 0
0.6187341211759974 0.7856004628897352 0.0 91.2004 -0.7856004628897352 0.6187341211759974 -0.0 -46.9788 -0.0 0.0 1.0 0
0.5936695653837445 0.8047089207515199 0.0 91.4464 -0.8047089207515199 0.5936695653837445 -0.0 -47.2688 -0.0 0.0 1.0 0
0.5704760240233693 0.821314255333784 0.0 91.6922 -0.821314255333784 0.5704760240233693 -0.0 -47.5741 -0.0 0.0 1.0 0
0.5493877509124662 0.835567531171085 0.0 91.9434 -0.835567531171085 0.5493877509124662 -0.0 -47.8815 -0.0 0.0 1.0 0
0.52982679514023 0.848105870249365 0.0 92.1947 -0.848105870249365 0.52982679514023 -0.0 -48.1996 -0.0 0.0 1.0 0
0.5129916316633812 0.8583936077600659 0.0 92.4427 -0.8583936077600659 0.5129916316633812 -0.0 -48.5345 -0.0 0.0 1.0 0
0.49607834467243217 0.8682777642822944 0.0 92.6742 -0.8682777642822944 0.49607834467243217 -0.0 -48.8898 -0.0 0.0 1.0 0
0.4814044295934681 0.876498588229204 0.0 92.9048 -0.876498588229204 0.4814044295934681 -0.0 -49.2695 -0.0 0.0 1.0 0
0.46839767205149907 0.8835177535379447 0.0 93.1348 -0.8835177535379447 0.46839767205149907 -0.0 -49.6672 -0.0 0.0 1.0 0
0.4562054082170782 0.8898744998669694 0.0 93.368 -0.8898744998669694 0.4562054082170782 -0.0 -50.0777 -0.0 0.0 1.0 0
0.44493916196383454 0.8955607975737441 0.0 93.602 -0.8955607975737441 0.44493916196383454 -0.0 -50.5034 -0.0 0.0 1.0 0
0.43451194787985425 0.9006660686123659 0.0 93.8267 -0.9006660686123659 0.43451194787985425 -0.0 -50.9448 -0.0 0.0 1.0 0
0.4253751128944919 0.9050171342742623 0.0 94.052 -0.9050171342742623 0.4253751128944919 -0.0 -51.4074 -0.0 0.0 1.0 0
0.418076021037607 0.9084120434215756 0.0 94.2682 -0.9084120434215756 0.418076021037607 -0.0 -51.8822 -0.0 0.0 1.0 0
0.41277290387360477 0.9108339748975945 0.0 94.4879 -0.9108339748975945 0.41277290387360477 -0.0 -52.3791 -0.0 0.0 1.0 0
0.4076475253057046 0.9131393623714482 0.0 94.7161 -0.9131393623714482 0.4076475253057046 -0.0 -52.8986 -0.0 0.0 1.0 0
0.4020881375804417 0.91560096636968 0.0 94.9514 -0.91560096636968 0.4020881375804417 -0.0 -53.4347 -0.0 0.0 1.0 0
0.39798222394406535 0.9173931269769444 0.0 95.1957 -0.9173931269769444 0.39798222394406535 -0.0 -53.9933 -0.0 0.0 1.0 0
0.395411966455666 0.9185038795691955 0.0 95.4445 -0.9185038795691955 0.395411966455666 -0.0 -54.5699 -0.0 0.0 1.0 0
0.3925811034628588 0.9197173898561908 0.0 95.6962 -0.9197173898561908 0.3925811034628588 -0.0 -55.1665 -0.0 0.0 1.0 0
0.3903910662738175 0.9206491271779885 0.0 95.9505 -0.9206491271779885 0.3903910662738175 -0.0 -55.7721 -0.0 0.0 1.0 0
0.3896452124945662 0.9209650418881622 0.0 96.2119 -0.9209650418881622 0.3896452124945662 -0.0 -56.3973 -0.0 0.0 1.0 0
0.39068565400146416 0.9205241549016778 0.0 96.4806 -0.9205241549016778 0.39068565400146416 -0.0 -57.0417 -0.0 0.0 1.0 0
0.39280182432796973 0.9196231439044034 0.0 96.7499 -0.9196231439044034 0.39280182432796973 -0.0 -57.7025 -0.0 0.0 1.0 0
0.39639453906571176 0.9180802630483252 0.0 97.0258 -0.9180802630483252 0.39639453906571176 -0.0 -58.3744 -0.0 0.0 1.0 0
0.40064098676917137 0.9162351225098417 0.0 97.3159 -0.9162351225098417 0.40064098676917137 -0.0 -59.0695 -0.0 0.0 1.0 0
0.4082318509715164 0.9128782809621279 0.0 97.5916 -0.9128782809621279 0.4082318509715164 -0.0 -59.8252 -0.0 0.0 1.0 0
0.41566726397150366 0.9095167539206984 0.0 97.8684 -0.9095167539206984 0.41566726397150366 -0.0 -60.5918 -0.0 0.0 1.0 0
0.4166038455717189 0.9090881342613902 0.0 98.1791 -0.9090881342613902 0.4166038455717189 -0.0 -61.2805 -0.0 0.0 1.0 0
0.4175399851969537 0.9086585501505655 0.0 98.5027 -0.9086585501505655 0.4175399851969537 -0.0 -61.9805 -0.0 0.0 1.0 0
0.41814869266316 0.9083785944330096 0.0 98.8173 -0.9083785944330096 0.41814869266316 -0.0 -62.6803 -0.0 0.0 1.0 0
0.4206088601789383 0.9072420772533505 0.0 99.1309 -0.9072420772533505 0.4206088601789383 -0.0 -63.4214 -0.0 0.0 1.0 0
0.4217516510145374 0.9067113900610888 0.0 99.4426 -0.9067113900610888 0.4217516510145374 -0.0 -64.1578 -0.0 0.0 1.0 0
0.42131638097823143 0.9069137263926518 0.0 99.7694 -0.9069137263926518 0.42131638097823143 -0.0 -64.9062 -0.0 0.0 1.0 0
0.4211712693897779 0.9069811254048252 0.0 100.089 -0.9069811254048252 0.4211712693897779 -0.0 -65.6481 -0.0 0.0 1.0 0
0.4209445109491867 0.9070863898779157 0.0 100.414 -0.9070863898779157 0.4209445109491867 -0.0 -66.4086 -0.0 0.0 1.0 0
0.42061793257867996 0.9072378711193868 0.0 100.762 -0.9072378711193868 0.42061793257867996 -0.0 -67.1756 -0.0 0.0 1.0 0
0.4206542217570206 0.907221045676298 0.0 101.092 -0.907221045676298 0.4206542217570206 -0.0 -67.9268 -0.0 0.0 1.0 0
0.42051813386831993 0.9072841336030878 0.0 101.423 -0.9072841336030878 0.42051813386831993 -0.0 -68.6792 -0.0 0.0 1.0 0
0.4204818421665708 0.907300953602611 0.0 101.754 -0.907300953602611 0.4204818421665708 -0.0 -69.4255 -0.0 0.0 1.0 0
0.4191930513157104 0.9078971228771596 0.0 102.084 -0.9078971228771596 0.4191930513157104 -0.0 -70.1702 -0.0 0.0 1.0 0
0.4160765044106449 0.9093296115696544 0.0 102.425 -0.9093296115696544 0.4160765044106449 -0.0 -70.9057 -0.0 0.0 1.0 0
0.41217166359188084 0.9111062066147401 0.0 102.773 -0.9111062066147401 0.41217166359188084 -0.0 -71.6337 -0.0 0.0 1.0 0
0.407008227930606 0.9134244918967237 0.0 103.113 -0.9134244918967237 0.407008227930606 -0.0 -72.3714 -0.0 0.0 1.0 0
0.40073260827806456 0.9161950538300561 0.0 103.453 -0.9161950538300561 0.40073260827806456 -0.0 -73.1092 -0.0 0.0 1.0 0
0.3931420579961662 0.9194777442845146 0.0 103.783 -0.9194777442845146 0.3931420579961662 -0.0 -73.8405 -0.0 0.0 1.0 0
0.3760468835548886 0.9266006374747732 0.0 104.116 -0.9266006374747732 0.3760468835548886 -0.0 -74.4652 -0.0 0.0 1.0 0
0.36988601068522875 0.9290771437826716 0.0 104.435 -0.9290771437826716 0.36988601068522875 -0.0 -75.2565 -0.0 0.0 1.0 0
0.3635318357747067 0.9315817754648659 0.0 104.747 -0.9315817754648659 0.3635318357747067 -0.0 -76.0387 -0.0 0.0 1.0 0
0.3566095550974784 0.9342535122830306 0.0 105.049 -0.9342535122830306 0.3566095550974784 -0.0 -76.8187 -0.0 0.0 1.0 0
0.34909608282605153 0.9370869356444506 0.0 105.343 -0.9370869356444506 0.34909608282605153 -0.0 -77.5998 -0.0 0.0 1.0 0
0.3390024212763312 0.9407855007220216 0.0 105.613 -0.9407855007220216 0.3390024212763312 -0.0 -78.3243 -0.0 0.0 1.0 0
0.3286901468855652 0.9444378154967884 0.0 105.878 -0.9444378154967884 0.3286901468855652 -0.0 -79.0637 -0.0 0.0 1.0 0
0.31915367654901416 0.9477029760137125 0.0 106.129 -0.9477029760137125 0.31915367654901416 -0.0 -79.7886 -0.0 0.0 1.0 0
0.30963232163614796 0.9508563642307966 0.0 106.371 -0.9508563642307966 0.30963232163614796 -0.0 -80.5159 -0.0 0.0 1.0 0
0.30028967153174146 0.9538480555997161 0.0 106.599 -0.9538480555997161 0.30028967153174146 -0.0 -81.2616 -0.0 0.0 1.0 0
0.2908798528013865 0.9567595890474491 0.0 106.82 -0.9567595890474491 0.2908798528013865 -0.0 -81.9837 -0.0 0.0 1.0 0
0.2819983204506784 0.9594148983953693 0.0 107.032 -0.9594148983953693 0.2819983204506784 -0.0 -82.7018 -0.0 0.0 1.0 0
0.2738909110249462 0.961760764877589 0.0 107.239 -0.961760764877589 0.2738909110249462 -0.0 -83.416 -0.0 0.0 1.0 0
0.2665158602930058 0.9638305329321535 0.0 107.433 -0.9638305329321535 0.2665158602930058 -0.0 -84.1304 -0.0 0.0 1.0 0
0.26175130485925624 0.9651353554836113 0.0 107.624 -0.9651353554836113 0.26175130485925624 -0.0 -84.8245 -0.0 0.0 1.0 0
0.25827512893777926 0.9660714040753786 0.0 107.809 -0.9660714040753786 0.25827512893777926 -0.0 -85.5171 -0.0 0.0 1.0 0
0.25588814714107 0.9667063960441713 0.0 107.984 -0.9667063960441713 0.25588814714107 -0.0 -86.2039 -0.0 0.0 1.0 0
0.2545441784825646 0.9670611465675976 0.0 108.149 -0.9670611465675976 0.2545441784825646 -0.0 -86.874 -0.0 0.0 1.0 0
0.2538768457501418 0.9672365518279169 0.0 108.305 -0.9672365518279169 0.2538768457501418 -0.0 -87.5295 -0.0 0.0 1.0 0
0.2551243693177403 0.9669082459986703 0.0 108.461 -0.9669082459986703 0.2551243693177403 -0.0 -88.172 -0.0 0.0 1.0 0
0.25789834145791757 0.9661720579033817 0.0 108.623 -0.9661720579033817 0.25789834145791757 -0.0 -88.8 -0.0 0.0 1.0 0
0.2626777140432135 0.9648836295352055 0.0 108.777 -0.9648836295352055 0.2626777140432135 -0.0 -89.4067 -0.0 0.0 1.0 0
0.2707252415067848 0.9626566592566079 0.0 108.931 -0.9626566592566079 0.2707252415067848 -0.0 -89.989 -0.0 0.0 1.0 0
0.2812978724986058 0.9596205015149261 0.0 109.071 -0.9596205015149261 0.2812978724986058 -0.0 -90.5535 -0.0 0.0 1.0 0
0.29435096603706123 0.9556973939448872 0.0 109.214 -0.9556973939448872 0.29435096603706123 -0.0 -91.0977 -0.0 0.0 1.0 0
0.3109251995449356 0.9504343850513521 0.0 109.35 -0.9504343850513521 0.3109251995449356 -0.0 -91.6211 -0.0 0.0 1.0 0
0.33113513565035824 0.9435833412782461 0.0 109.488 -0.9435833412782461 0.33113513565035824 -0.0 -92.1322 -0.0 0.0 1.0 0
0.35463748781887416 0.9350038781916992 0.0 109.636 -0.9350038781916992 0.35463748781887416 -0.0 -92.6335 -0.0 0.0 1.0 0
0.38102652872344633 0.924564105083558 0.0 109.787 -0.924564105083558 0.38102652872344633 -0.0 -93.1375 -0.0 0.0 1.0 0
0.41189831318627146 0.911229817112184 0.0 109.95 -0.911229817112184 0.41189831318627146 -0.0 -93.6293 -0.0 0.0 1.0 0
0.4460493149990593 0.8950083846472445 0.0 110.118 -0.8950083846472445 0.4460493149990593 -0.0 -94.1153 -0.0 0.0 1.0 0
0.48359416939343447 0.8752923393522156 0.0 110.302 -0.8752923393522156 0.48359416939343447 -0.0 -94.5913 -0.0 0.0 1.0 0
0.5233403877754803 0.8521237225444495 0.0 110.501 -0.8521237225444495 0.5233403877754803 -0.0 -95.0568 -0.0 0.0 1.0 0
0.5648853673207805 0.8251693897539262 0.0 110.716 -0.8251693897539262 0.5648853673207805 -0.0 -95.5151 -0.0 0.0 1.0 0
0.607808853602626 0.7940833693525269 0.0 110.946 -0.7940833693525269 0.607808853602626 -0.0 -95.9607 -0.0 0.0 1.0 0
0.6525571991447665 0.7577394683163452 0.0 111.194 -0.7577394683163452 0.6525571991447665 -0.0 -96.3854 -0.0 0.0 1.0 0
0.6984292185203108 0.7156791367066025 0.0 111.462 -0.7156791367066025 0.6984292185203108 -0.0 -96.7889 -0.0 0.0 1.0 0
0.7443235381036207 0.667819190069369 0.0 111.75 -0.667819190069369 0.7443235381036207 -0.0 -97.1691 -0.0 0.0 1.0 0
0.7879948174120298 0.6156818721805781 0.0 112.06 -0.6156818721805781 0.7879948174120298 -0.0 -97.5324 -0.0 0.0 1.0 0
0.8284829749663638 0.5600142499891261 0.0 112.378 -0.5600142499891261 0.8284829749663638 -0.0 -97.8777 -0.0 0.0 1.0 0
0.8657161261052182 0.5005353024526581 0.0 112.727 -0.5005353024526581 0.8657161261052182 -0.0 -98.1945 -0.0 0.0 1.0 0
0.8985025965769913 0.43896820379658974 0.0 113.097 -0.43896820379658974 0.8985025965769913 -0.0 -98.4871 -0.0 0.0 1.0 0
0.9265887263999247 0.3760762317782998 0.0 113.489 -0.3760762317782998 0.9265887263999247 -0.0 -98.7528 -0.0 0.0 1.0 0
0.9501053081777086 0.311929324322901 0.0 113.893 -0.311929324322901 0.9501053081777086 -0.0 -98.9921 -0.0 0.0 1.0 0
0.9690130348695957 0.247009591418665 0.0 114.316 -0.247009591418665 0.9690130348695957 -0.0 -99.2068 -0.0 0.0 1.0 0
0.983105980637096 0.1830372389312455 0.0 114.753 -0.1830372389312455 0.983105980637096 -0.0 -99.3941 -0.0 0.0 1.0 0
0.9925028313050999 0.12222164231984654 0.0 115.198 -0.12222164231984654 0.9925028313050999 -0.0 -99.5502 -0.0 0.0 1.0 0
0.9978240236289133 0.06593343513730987 0.0 115.656 -0.06593343513730987 0.9978240236289133 -0.0 -99.6792 -0.0 0.0 1.0 0
0.9998731393476415 0.01592812641498335 0.0 116.123 -0.01592812641498335 0.9998731393476415 -0.0 -99.7754 -0.0 0.0 1.0 0
0.9996400005575269 -0.026830379895699665 0.0 116.593 0.026830379895699665 0.9996400005575269 0.0 -99.8499 0.0 0.0 1.0 0
0.9979394514493616 -0.06416269352939662 0.0 117.08 0.06416269352939662 0.9979394514493616 0.0 -99.8865 0.0 0.0 1.0 0
0.9953567514215388 -0.09625454482548378 0.0 117.565 0.09625454482548378 0.9953567514215388 0.0 -99.8944 0.0 0.0 1.0 0
0.9929164500049922 -0.11881465948898695 0.0 118.043 0.11881465948898695 0.9929164500049922 0.0 -99.8716 0.0 0.0 1.0 0
0.9908638768081609 -0.13486577637303618 0.0 118.54 0.13486577637303618 0.9908638768081609 0.0 -99.8306 0.0 0.0 1.0 0
0.9890440749143694 -0.14762051983643476 0.0 119.041 0.14762051983643476 0.9890440749143694 0.0 -99.7917 0.0 0.0 1.0 0
0.9875053663427376 -0.1575853782693552 0.0 119.548 0.1575853782693552 0.9875053663427376 0.0 -99.7374 0.0 0.0 1.0 0
0.9865093634646145 -0.1637048435344576 0.0 120.06 0.1637048435344576 0.9865093634646145 0.0 -99.6748 0.0 0.0 1.0 0
0.986020642761981 -0.16662320380802279 0.0 120.584 0.16662320380802279 0.986020642761981 0.0 -99.6021 0.0 0.0 1.0 0
0.985911794860143 -0.1672660538054608 0.0 121.124 0.1672660538054608 0.985911794860143 0.0 -99.5202 0.0 0.0 1.0 0
0.9863293504866647 -0.16478595925792403 0.0 121.677 0.16478595925792403 0.9863293504866647 0.0 -99.422 0.0 0.0 1.0 0
0.9869550160117568 -0.16099626197285694 0.0 122.227 0.16099626197285694 0.9869550160117568 0.0 -99.3151 0.0 0.0 1.0 0
0.9876543135214824 -0.1566491525109837 0.0 122.791 0.1566491525109837 0.9876543135214824 0.0 -99.2173 0.0 0.0 1.0 0
0.9883236482711406 -0.1523691775524914 0.0 123.378 0.1523691775524914 0.9883236482711406 0.0 -99.1262 0.0 0.0 1.0 0
0.9891232045248897 -0.1470893819091417 0.0 123.984 0.1470893819091417 0.9891232045248897 0.0 -99.0375 0.0 0.0 1.0 0
0.9897601073283201 -0.1427407788315315 0.0 124.596 0.1427407788315315 0.9897601073283201 0.0 -98.9333 0.0 0.0 1.0 0
0.9902799421901636 -0.1390885908183931 0.0 125.223 0.1390885908183931 0.9902799421901636 0.0 -98.8382 0.0 0.0 1.0 0
0.9907799341075542 -0.13548107679609928 0.0 125.866 0.13548107679609928 0.9907799341075542 0.0 -98.746 0.0 0.0 1.0 0
0.9911657448535045 -0.13262905499549357 0.0 126.52 0.13262905499549357 0.9911657448535045 0.0 -98.6489 0.0 0.0 1.0 0
0.9912249310171967 -0.13218599067205908 0.0 127.172 0.13218599067205908 0.9912249310171967 0.0 -98.559 0.0 0.0 1.0 0
0.9912061506130546 -0.13232674327909133 0.0 127.839 0.13232674327909133 0.9912061506130546 0.0 -98.4716 0.0 0.0 1.0 0
0.9911312277981922 -0.13288675360338997 0.0 128.517 0.13288675360338997 0.9911312277981922 0.0 -98.3885 0.0 0.0 1.0 0
0.9907709901985735 -0.1355464679766251 0.0 129.202 0.1355464679766251 0.9907709901985735 0.0 -98.3105 0.0 0.0 1.0 0
0.9903659867791473 -0.13847459056074415 0.0 129.921 0.13847459056074415 0.9903659867791473 0.0 -98.2092 0.0 0.0 1.0 0
0.9901402184033006 -0.14007979119153546 0.0 130.642 0.14007979119153546 0.9901402184033006 0.0 -98.1108 0.0 0.0 1.0 0
0.9897621056022272 -0.14272692217604077 0.0 131.369 0.14272692217604077 0.9897621056022272 0.0 -98.0191 0.0 0.0 1.0 0
0.9895204945607958 -0.1443924888772196 0.0 132.11 0.1443924888772196 0.9895204945607958 0.0 -97.9255 0.0 0.0 1.0 0
0.9891963323807996 -0.14659678033427156 0.0 132.852 0.14659678033427156 0.9891963323807996 0.0 -97.8302 0.0 0.0 1.0 0
0.9886372354542523 -0.15032104534420115 0.0 133.611 0.15032104534420115 0.9886372354542523 0.0 -97.7275 0.0 0.0 1.0 0
0.9880471662162175 -0.1541518645106261 0.0 134.373 0.1541518645106261 0.9880471662162175 0.0 -97.6186 0.0 0.0 1.0 0
0.9873830994767677 -0.1583496601437826 0.0 135.146 0.1583496601437826 0.9873830994767677 0.0 -97.4982 0.0 0.0 1.0 0
0.986781536845232 -0.16205615860362158 0.0 135.939 0.16205615860362158 0.986781536845232 0.0 -97.3708 0.0 0.0 1.0 0
0.9864770944679259 -0.16389918270119247 0.0 136.738 0.16389918270119247 0.9864770944679259 0.0 -97.2457 0.0 0.0 1.0 0
0.9862427019335179 -0.16530375943357756 0.0 137.543 0.16530375943357756 0.9862427019335179 0.0 -97.1108 0.0 0.0 1.0 0
0.9861448351794663 -0.16588659996775904 0.0 138.348 0.16588659996775904 0.9861448351794663 0.0 -96.9667 0.0 0.0 1.0 0
0.9860051425400029 -0.16671490300710545 0.0 139.174 0.16671490300710545 0.9860051425400029 0.0 -96.8364 0.0 0.0 1.0 0
0.9860629332482395 -0.16637274919252298 0.0 139.999 0.16637274919252298 0.9860629332482395 0.0 -96.7086 0.0 0.0 1.0 0
0.9861567764585663 -0.1658155971097094 0.0 140.831 0.1658155971097094 0.9861567764585663 0.0 -96.5785 0.0 0.0 1.0 0
0.986341047803719 -0.16471592945875535 0.0 141.679 0.16471592945875535 0.986341047803719 0.0 -96.4507 0.0 0.0 1.0 0
0.9868055103493864 -0.1619101131618626 0.0 142.527 0.1619101131618626 0.9868055103493864 0.0 -96.3214 0.0 0.0 1.0 0
0.9872723308944743 -0.15903881491696206 0.0 143.358 0.15903881491696206 0.9872723308944743 0.0 -96.195 0.0 0.0 1.0 0
0.9877043906815299 -0.15633309511561425 0.0 144.219 0.15633309511561425 0.9877043906815299 0.0 -96.0665 0.0 0.0 1.0 0
0.9879594485780232 -0.15471305040431538 0.0 145.065 0.15471305040431538 0.9879594485780232 0.0 -95.9336 0.0 0.0 1.0 0
0.988169711431016 -0.1533643420431969 0.0 145.917 0.1533643420431969 0.988169711431016 0.0 -95.7924 0.0 0.0 1.0 0
0.9881759985384813 -0.1533238269561369 0.0 146.762 0.1533238269561369 0.9881759985384813 0.0 -95.6498 0.0 0.0 1.0 0
0.9883300469048946 -0.15232766782488666 0.0 147.619 0.15232766782488666 0.9883300469048946 0.0 -95.5128 0.0 0.0 1.0 0
0.9886175349143667 -0.1504505555318455 0.0 148.484 0.1504505555318455 0.9886175349143667 0.0 -95.3869 0.0 0.0 1.0 0
0.9887615118705674 -0.14950141351649465 0.0 149.343 0.14950141351649465 0.9887615118705674 0.0 -95.2612 0.0 0.0 1.0 0
0.9888907579592947 -0.14864410120382074 0.0 150.186 0.14864410120382074 0.9888907579592947 0.0 -95.1463 0.0 0.0 1.0 0
0.9890558813910026 -0.14754139583814033 0.0 151.022 0.14754139583814033 0.9890558813910026 0.0 -95.0222 0.0 0.0 1.0 0
0.9890924412413492 -0.14729610544487673 0.0 151.838 0.14729610544487673 0.9890924412413492 0.0 -94.8918 0.0 0.0 1.0 0
0.98908492785366 -0.14734654896779958 0.0 152.661 0.14734654896779958 0.98908492785366 0.0 -94.765 0.0 0.0 1.0 0
0.9889210607788911 -0.14844236439760977 0.0 153.494 0.14844236439760977 0.9889210607788911 0.0 -94.6433 0.0 0.0 1.0 0
0.9886887374157038 -0.14998193393652928 0.0 154.345 0.14998193393652928 0.9886887374157038 0.0 -94.5181 0.0 0.0 1.0 0
0.9884365857581175 -0.1516348110917657 0.0 155.189 0.1516348110917657 0.9884365857581175 0.0 -94.388 0.0 0.0 1.0 0
0.988366881259868 -0.1520884874954114 0.0 156.016 0.1520884874954114 0.988366881259868 0.0 -94.2712 0.0 0.0 1.0 0
0.9881059801371319 -0.15377441925508278 0.0 156.828 0.15377441925508278 0.9881059801371319 0.0 -94.1628 0.0 0.0 1.0 0
0.9879260075122779 -0.1549264460344028 0.0 157.646 0.1549264460344028 0.9879260075122779 0.0 -94.0352 0.0 0.0 1.0 0
0.9875503953733139 -0.15730294529350466 0.0 158.457 0.15730294529350466 0.9875503953733139 0.0 -93.9023 0.0 0.0 1.0 0
0.987100313438565 -0.1601030018753138 0.0 159.288 0.1601030018753138 0.987100313438565 0.0 -93.7778 0.0 0.0 1.0 0
0.98650134074298 -0.16375318229672037 0.0 160.105 0.16375318229672037 0.98650134074298 0.0 -93.6476 0.0 0.0 1.0 0
0.9856086118234948 -0.1690433799335651 0.0 160.908 0.1690433799335651 0.9856086118234948 0.0 -93.5171 0.0 0.0 1.0 0
0.9850944671065293 -0.17201421707551728 0.0 161.731 0.17201421707551728 0.9850944671065293 0.0 -93.3938 0.0 0.0 1.0 0
0.984738898100689 -0.17403822157055288 0.0 162.541 0.17403822157055288 0.984738898100689 0.0 -93.2715 0.0 0.0 1.0 0
0.98437494476004 -0.176085116147471 0.0 163.348 0.176085116147471 0.98437494476004 0.0 -93.1355 0.0 0.0 1.0 0
0.9841095322012894 -0.17756246402480264 0.0 164.155 0.17756246402480264 0.9841095322012894 0.0 -92.9952 0.0 0.0 1.0 0
0.98381216834559 -0.1792027271420509 0.0 164.944 0.1792027271420509 0.98381216834559 0.0 -92.8583 0.0 0.0 1.0 0
0.9833454610407644 -0.18174626337431712 0.0 165.745 0.18174626337431712 0.9833454610407644 0.0 -92.7163 0.0 0.0 1.0 0
0.9824557868508184 -0.1864956484300357 0.0 166.538 0.1864956484300357 0.9824557868508184 0.0 -92.563 0.0 0.0 1.0 0
0.9811848034343544 -0.1930709235216099 0.0 167.331 0.1930709235216099 0.9811848034343544 0.0 -92.4156 0.0 0.0 1.0 0
0.9798835868889652 -0.1995699279591389 0.0 168.123 0.1995699279591389 0.9798835868889652 0.0 -92.2723 0.0 0.0 1.0 0
0.9785508616738144 -0.20600536671998446 0.0 168.903 0.20600536671998446 0.9785508616738144 0.0 -92.1223 0.0 0.0 1.0 0
0.9778391364579343 -0.2093576442626381 0.0 169.709 0.2093576442626381 0.9778391364579343 0.0 -91.964 0.0 0.0 1.0 0
0.9769108505078792 -0.21364734999520163 0.0 170.492 0.21364734999520163 0.9769108505078792 0.0 -91.8121 0.0 0.0 1.0 0
0.9759502323226467 -0.2179934495102367 0.0 171.285 0.2179934495102367 0.9759502323226467 0.0 -91.6584 0.0 0.0 1.0 0
0.9743115001585593 -0.2252045751284322 0.0 172.058 0.2252045751284322 0.9743115001585593 0.0 -91.493 0.0 0.0 1.0 0
0.9728756989063845 -0.23132849906013303 0.0 172.837 0.23132849906013303 0.9728756989063845 0.0 -91.3178 0.0 0.0 1.0 0
0.9712580519409674 -0.2380289825627062 0.0 173.625 0.2380289825627062 0.9712580519409674 0.0 -91.1412 0.0 0.0 1.0 0
0.9694528935668507 -0.24527757165069214 0.0 174.429 0.24527757165069214 0.9694528935668507 0.0 -90.9725 0.0 0.0 1.0 0
0.9674500559382834 -0.25306202651724014 0.0 175.23 0.25306202651724014 0.9674500559382834 0.0 -90.7922 0.0 0.0 1.0 0
0.964760150432631 -0.26313086504096633 0.0 176.012 0.26313086504096633 0.964760150432631 0.0 -90.5987 0.0 0.0 1.0 0
0.962452076058588 -0.27145165553098755 0.0 176.808 0.27145165553098755 0.962452076058588 0.0 -90.3882 0.0 0.0 1.0 0
0.96019607461628 -0.27932686639757237 0.0 177.613 0.27932686639757237 0.96019607461628 0.0 -90.1757 0.0 0.0 1.0 0
0.9578790819975657 -0.28717183753199227 0.0 178.41 0.28717183753199227 0.9578790819975657 0.0 -89.9598 0.0 0.0 1.0 0
0.9554425193151582 -0.29517722182564077 0.0 179.197 0.29517722182564077 0.9554425193151582 0.0 -89.7435 0.0 0.0 1.0 0
0.9531071617683431 -0.30263300908178126 0.0 179.987 0.30263300908178126 0.9531071617683431 0.0 -89.5137 0.0 0.0 1.0 0
0.9510745196669033 -0.3089615802011138 0.0 180.776 0.3089615802011138 0.9510745196669033 0.0 -89.2725 0.0 0.0 1.0 0
0.9498010383928396 -0.3128545787868282 0.0 181.567 0.3128545787868282 0.9498010383928396 0.0 -89.0218 0.0 0.0 1.0 0
0.9483816780504083 -0.31713119168301906 0.0 182.349 0.31713119168301906 0.9483816780504083 0.0 -88.7802 0.0 0.0 1.0 0
0.9471572258174814 -0.3207696830776445 0.0 183.123 0.3207696830776445 0.9471572258174814 0.0 -88.5362 0.0 0.0 1.0 0
0.946226570855791 -0.3235046778742013 0.0 183.905 0.3235046778742013 0.946226570855791 0.0 -88.2859 0.0 0.0 1.0 0
0.94504078617606 -0.32695246208544504 0.0 184.699 0.32695246208544504 0.94504078617606 0.0 -88.0203 0.0 0.0 1.0 0
0.9442619386950574 -0.32919506547311994 0.0 185.491 0.32919506547311994 0.9442619386950574 0.0 -87.7621 0.0 0.0 1.0 0
0.9430740460839445 -0.3325828372042942 0.0 186.285 0.3325828372042942 0.9430740460839445 0.0 -87.4983 0.0 0.0 1.0 0
0.9414381330141267 -0.33718576735514133 0.0 187.047 0.33718576735514133 0.9414381330141267 0.0 -87.2372 0.0 0.0 1.0 0
0.93957588607055 -0.3423406991795467 0.0 187.809 0.3423406991795467 0.93957588607055 0.0 -86.9538 0.0 0.0 1.0 0
0.9371715034645463 -0.3488689913047619 0.0 188.57 0.3488689913047619 0.9371715034645463 0.0 -86.6851 0.0 0.0 1.0 0
0.9346901295248629 -0.3554635871208119 0.0 189.346 0.3554635871208119 0.9346901295248629 0.0 -86.4087 0.0 0.0 1.0 0
0.9319957147792767 -0.36246929198632155 0.0 190.128 0.36246929198632155 0.9319957147792767 0.0 -86.123 0.0 0.0 1.0 0
0.9291941021540013 -0.3695921001891402 0.0 190.904 0.3695921001891402 0.9291941021540013 0.0 -85.8218 0.0 0.0 1.0 0
0.9269050540906603 -0.37529591085061154 0.0 191.673 0.37529591085061154 0.9269050540906603 0.0 -85.5093 0.0 0.0 1.0 0
0.9245954706431935 -0.38095041103284244 0.0 192.458 0.38095041103284244 0.9245954706431935 0.0 -85.2008 0.0 0.0 1.0 0
0.9221922336346235 -0.3867317988270215 0.0 193.223 0.3867317988270215 0.9221922336346235 0.0 -84.8877 0.0 0.0 1.0 0
0.9191973289949118 -0.39379724525270593 0.0 193.983 0.39379724525270593 0.9191973289949118 0.0 -84.5646 0.0 0.0 1.0 0
0.9167804754484051 -0.3993914869355584 0.0 194.748 0.3993914869355584 0.9167804754484051 0.0 -84.2319 0.0 0.0 1.0 0
0.9142530198517264 -0.40514369758395463 0.0 195.526 0.40514369758395463 0.9142530198517264 0.0 -83.9127 0.0 0.0 1.0 0
0.9121019470705121 -0.4099634595304573 0.0 196.307 0.4099634595304573 0.9121019470705121 0.0 -83.59 0.0 0.0 1.0 0
0.9100113039328088 -0.4145834375786242 0.0 197.083 0.4145834375786242 0.9100113039328088 0.0 -83.2543 0.0 0.0 1.0 0
0.9083615862341041 -0.418185638986159 0.0 197.846 0.418185638986159 0.9083615862341041 0.0 -82.9123 0.0 0.0 1.0 0
0.9076535556551801 -0.4197201721462872 0.0 198.62 0.4197201721462872 0.9076535556551801 0.0 -82.5683 0.0 0.0 1.0 0
0.9065229144534918 -0.4221566126104711 0.0 199.39 0.4221566126104711 0.9065229144534918 0.0 -82.2374 0.0 0.0 1.0 0
0.9055347083764623 -0.4242721908463425 0.0 200.155 0.4242721908463425 0.9055347083764623 0.0 -81.8856 0.0 0.0 1.0 0
0.9043286861731838 -0.4268367689928824 0.0 200.925 0.4268367689928824 0.9043286861731838 0.0 -81.5134 0.0 0.0 1.0 0
0.9044276879654084 -0.42662695325254113 0.0 201.711 0.42662695325254113 0.9044276879654084 0.0 -81.1467 0.0 0.0 1.0 0
0.9043773396884158 -0.42673367274929663 0.0 202.482 0.42673367274929663 0.9043773396884158 0.0 -80.788 0.0 0.0 1.0 0
0.9036407355087822 -0.4282912807064219 0.0 203.259 0.4282912807064219 0.9036407355087822 0.0 -80.4274 0.0 0.0 1.0 0
0.9027763247812217 -0.4301103433010069 0.0 204.028 0.4301103433010069 0.9027763247812217 0.0 -80.0652 0.0 0.0 1.0 0
0.9018132063062859 -0.4321260706455654 0.0 204.793 0.4321260706455654 0.9018132063062859 0.0 -79.6875 0.0 0.0 1.0 0
0.9010915994610411 -0.4336287921491638 0.0 205.558 0.4336287921491638 0.9010915994610411 0.0 -79.3128 0.0 0.0 1.0 0
0.900792615363345 -0.4342495412857277 0.0 206.332 0.4342495412857277 0.900792615363345 0.0 -78.9529 0.0 0.0 1.0 0
0.9002512766986653 -0.4353706912533538 0.0 207.11 0.4353706912533538 0.9002512766986653 0.0 -78.5914 0.0 0.0 1.0 0
0.8994259445441924 -0.43707318641251297 0.0 207.877 0.43707318641251297 0.8994259445441924 0.0 -78.2227 0.0 0.0 1.0 0
0.8990549831361581 -0.4378357423715458 0.0 208.637 0.4378357423715458 0.8990549831361581 0.0 -77.8551 0.0 0.0 1.0 0
0.899132028301854 -0.43767750191413085 0.0 209.396 0.43767750191413085 0.899132028301854 0.0 -77.4874 0.0 0.0 1.0 0
0.8990562966393394 -0.4378330452046262 0.0 210.158 0.4378330452046262 0.8990562966393394 0.0 -77.133 0.0 0.0 1.0 0
0.898751785564094 -0.4384577835383389 0.0 210.913 0.4384577835383389 0.898751785564094 0.0 -76.77 0.0 0.0 1.0 0
0.8983256194331967 -0.43933026468701597 0.0 211.671 0.43933026468701597 0.8983256194331967 0.0 -76.4102 0.0 0.0 1.0 0
