0.7556548279801646 0.0 0.6549700611098709 341.537 0.0 1.0 0.0 0 -0.6549700611098709 0.0 0.7556548279801646 36.3103
0.7534643321348794 0.0 0.6574887833267882 342.057 0.0 1.0 0.0 0 -0.6574887833267882 0.0 0.7534643321348794 36.7584
0.7506717973456534 0.0 0.6606753004841686 342.588 0.0 1.0 0.0 0 -0.6606753004841686 0.0 0.7506717973456534 37.2114
0.7478671140880367 0.0 0.6638484613717437 343.125 0.0 1.0 0.0 0 -0.6638484613717437 0.0 0.7478671140880367 37.6774
0.7445545589850565 0.0 0.6675616141560029 343.679 0.0 1.0 0.0 0 -0.6675616141560029 0.0 0.7445545589850565 38.1557
0.7416080775869702 0.0 0.6708334064861099 344.235 0.0 1.0 0.0 0 -0.6708334064861099 0.0 0.7416080775869702 38.6464
0.73852182517016 0.0 0.6742295705079507 344.81 0.0 1.0 0.0 0 -0.6742295705079507 0.0 0.73852182517016 39.1535
0.7350689188824965 0.0 0.677992392651214 345.386 0.0 1.0 0.0 0 -0.677992392651214 0.0 0.7350689188824965 39.6653
0.7321283736431257 0.0 0.6811666789462559 345.978 0.0 1.0 0.0 0 -0.6811666789462559 0.0 0.7321283736431257 40.1965
0.7290221820074972 0.0 0.6844900716161101 346.568 0.0 1.0 0.0 0 -0.6844900716161101 0.0 0.7290221820074972 40.7377
0.7268081668569503 0.0 0.6868405117565791 347.169 0.0 1.0 0.0 0 -0.6868405117565791 0.0 0.7268081668569503 41.2898
0.7248883666773567 0.0 0.688866355584183 347.771 0.0 1.0 0.0 0 -0.688866355584183 0.0 0.7248883666773567 41.8479
0.7233248452822774 0.0 0.6905079059629726 348.376 0.0 1.0 0.0 0 -0.6905079059629726 0.0 0.7233248452822774 42.4131
0.7222253321983412 0.0 0.691657841371726 348.981 0.0 1.0 0.0 0 -0.691657841371726 0.0 0.7222253321983412 42.9861
0.7207067910879631 0.0 0.6932400170789993 349.591 0.0 1.0 0.0 0 -0.6932400170789993 0.0 0.7207067910879631 43.5617
0.719607100832339 0.0 0.6943814660773111 350.208 0.0 1.0 0.0 0 -0.6943814660773111 0.0 0.719607100832339 44.1544
0.7183344828153524 0.0 0.6956979019649264 350.834 0.0 1.0 0.0 0 -0.6956979019649264 0.0 0.7183344828153524 44.7442
0.7173660724000291 0.0 0.6966964318620816 351.46 0.0 1.0 0.0 0 -0.6966964318620816 0.0 0.7173660724000291 45.3399
0.7162623035893161 0.0 0.6978311489586335 352.098 0.0 1.0 0.0 0 -0.6978311489586335 0.0 0.7162623035893161 45.9419
0.681896511304702 0.0 0.7314486638653982 352.443 0.0 1.0 0.0 0 -0.7314486638653982 0.0 0.681896511304702 46.3969
0.6455913173197974 0.0 0.763683082830364 352.753 0.0 1.0 0.0 0 -0.763683082830364 0.0 0.6455913173197974 46.9034
0.6080930964931753 0.0 0.793865722901135 353.024 0.0 1.0 0.0 0 -0.793865722901135 0.0 0.6080930964931753 47.4406
0.5695229158846205 0.0 0.8219754547930733 353.259 0.0 1.0 0.0 0 -0.8219754547930733 0.0 0.5695229158846205 48.032
0.5297589449752366 0.0 0.8481482536789924 353.46 0.0 1.0 0.0 0 -0.8481482536789924 0.0 0.5297589449752366 48.6578
0.4893081984745169 0.0 0.8721109372698079 353.608 0.0 1.0 0.0 0 -0.8721109372698079 0.0 0.4893081984745169 49.3157
0.4488842456760387 0.0 0.8935899137657352 353.719 0.0 1.0 0.0 0 -0.8935899137657352 0.0 0.4488842456760387 50.0171
0.4084965685031351 0.0 0.9127598553404744 353.78 0.0 1.0 0.0 0 -0.9127598553404744 0.0 0.4084965685031351 50.73
0.368687193738543 0.0 0.929553523565587 353.804 0.0 1.0 0.0 0 -0.929553523565587 0.0 0.368687193738543 51.4716
0.3292284230155351 0.0 0.9442503086992897 353.79 0.0 1.0 0.0 0 -0.9442503086992897 0.0 0.3292284230155351 52.2527
0.289855953722295 0.0 0.9570702827335822 353.723 0.0 1.0 0.0 0 -0.9570702827335822 0.0 0.289855953722295 53.0428
0.25054805643712086 0.0 0.9681041635152601 353.613 0.0 1.0 0.0 0 -0.9681041635152601 0.0 0.25054805643712086 53.8492
0.2108518569272536 0.0 0.9775180276753616 353.46 0.0 1.0 0.0 0 -0.9775180276753616 0.0 0.2108518569272536 54.6721
0.17157319945603222 0.0 0.9851713745478098 353.259 0.0 1.0 0.0 0 -0.9851713745478098 0.0 0.17157319945603222 55.5123
0.1320891739256913 0.0 0.9912378373183848 353.011 0.0 1.0 0.0 0 -0.9912378373183848 0.0 0.1320891739256913 56.3728
0.09216534316537484 0.0 0.9957437167862064 352.716 0.0 1.0 0.0 0 -0.9957437167862064 0.0 0.09216534316537484 57.2442
0.05216264253599601 0.0 0.9986386026604731 352.37 0.0 1.0 0.0 0 -0.9986386026604731 0.0 0.05216264253599601 58.1159
0.012865971810806731 0.0 0.999917229959242 351.977 0.0 1.0 0.0 0 -0.999917229959242 0.0 0.012865971810806731 58.9892
-0.026440591444424788 0.0 0.9996503864472165 351.543 0.0 1.0 0.0 0 -0.9996503864472165 0.0 -0.026440591444424788 59.8611
-0.0645787021597708 0.0 0.9979126170298478 351.067 0.0 1.0 0.0 0 -0.9979126170298478 0.0 -0.0645787021597708 60.7383
-0.1029608861175535 0.0 0.994685405507635 350.551 0.0 1.0 0.0 0 -0.994685405507635 0.0 -0.1029608861175535 61.6144
-0.13890308241145566 0.0 0.9903059798348168 349.982 0.0 1.0 0.0 0 -0.9903059798348168 0.0 -0.13890308241145566 62.5041
-0.17453517072201552 0.0 0.9846509402732712 349.378 0.0 1.0 0.0 0 -0.9846509402732712 0.0 -0.17453517072201552 63.3751
-0.20882534923038842 0.0 0.9779529505650087 348.732 0.0 1.0 0.0 0 -0.9779529505650087 0.0 -0.20882534923038842 64.2435
-0.24238525981366044 0.0 0.9701800790704087 348.044 0.0 1.0 0.0 0 -0.9701800790704087 0.0 -0.24238525981366044 65.0821
-0.27341706291307677 0.0 0.9618955814993572 347.316 0.0 1.0 0.0 0 -0.9618955814993572 0.0 -0.27341706291307677 65.9218
-0.2802011752870426 0.0 0.9599413010011395 347.14 0.0 1.0 0.0 0 -0.9599413010011395 0.0 -0.2802011752870426 66.2605
-0.28640608745662566 0.0 0.9581083201119733 346.944 0.0 1.0 0.0 0 -0.9581083201119733 0.0 -0.28640608745662566 66.6065
-0.29184349339115845 0.0 0.9564660868871646 346.747 0.0 1.0 0.0 0 -0.9564660868871646 0.0 -0.29184349339115845 66.945
-0.2974146993840203 0.0 0.9547483943900156 346.543 0.0 1.0 0.0 0 -0.9547483943900156 0.0 -0.2974146993840203 67.289
-0.30336650041394275 0.0 0.9528739509644479 346.325 0.0 1.0 0.0 0 -0.9528739509644479 0.0 -0.30336650041394275 67.6343
-0.30979143969898293 0.0 0.9508045350592477 346.099 0.0 1.0 0.0 0 -0.9508045350592477 0.0 -0.30979143969898293 67.9564
-0.3154337201624129 0.0 0.9489476108745416 345.857 0.0 1.0 0.0 0 -0.9489476108745416 0.0 -0.3154337201624129 68.303
-0.31988079899212285 0.0 0.9474577955962795 345.627 0.0 1.0 0.0 0 -0.9474577955962795 0.0 -0.31988079899212285 68.6179
-0.3255597538201729 0.0 0.9455214681288567 345.382 0.0 1.0 0.0 0 -0.9455214681288567 0.0 -0.3255597538201729 68.8997
-0.33019832126935733 0.0 0.9439115788202296 345.137 0.0 1.0 0.0 0 -0.9439115788202296 0.0 -0.33019832126935733 69.1912
-0.3340749980686275 0.0 0.9425464952273953 344.879 0.0 1.0 0.0 0 -0.9425464952273953 0.0 -0.3340749980686275 69.4945
-0.3377483794443954 0.0 0.9412364379807471 344.614 0.0 1.0 0.0 0 -0.9412364379807471 0.0 -0.3377483794443954 69.7912
-0.3415388093568996 0.0 0.9398676724428132 344.35 0.0 1.0 0.0 0 -0.9398676724428132 0.0 -0.3415388093568996 70.0703
-0.34472299216669344 0.0 0.9387044575752488 344.077 0.0 1.0 0.0 0 -0.9387044575752488 0.0 -0.34472299216669344 70.3512
-0.34778133149058954 0.0 0.9375756745279994 343.797 0.0 1.0 0.0 0 -0.9375756745279994 0.0 -0.34778133149058954 70.631
-0.3512760613266792 0.0 0.9362719309788237 343.521 0.0 1.0 0.0 0 -0.9362719309788237 0.0 -0.3512760613266792 70.8997
-0.3547098059515059 0.0 0.9349764454583039 343.235 0.0 1.0 0.0 0 -0.9349764454583039 0.0 -0.3547098059515059 71.1696
-0.357176904808282 0.0 0.9340367544543287 342.951 0.0 1.0 0.0 0 -0.9340367544543287 0.0 -0.357176904808282 71.4293
-0.35916559135326764 0.0 0.9332738494074813 342.669 0.0 1.0 0.0 0 -0.9332738494074813 0.0 -0.35916559135326764 71.6913
-0.36152562218241635 0.0 0.9323621745360633 342.391 0.0 1.0 0.0 0 -0.9323621745360633 0.0 -0.36152562218241635 71.9452
-0.36378087782366886 0.0 0.9314845532427477 342.114 0.0 1.0 0.0 0 -0.9314845532427477 0.0 -0.36378087782366886 72.176
-0.3652428596298183 0.0 0.9309122694912948 341.838 0.0 1.0 0.0 0 -0.9309122694912948 0.0 -0.3652428596298183 72.3997
-0.36648995378263427 0.0 0.9304220084329491 341.568 0.0 1.0 0.0 0 -0.9304220084329491 0.0 -0.36648995378263427 72.6155
-0.36781078309548865 0.0 0.9299006548221609 341.294 0.0 1.0 0.0 0 -0.9299006548221609 0.0 -0.36781078309548865 72.8239
-0.3685266974914456 0.0 0.9296171648781281 341.017 0.0 1.0 0.0 0 -0.9296171648781281 0.0 -0.3685266974914456 73.0403
-0.36917733916467976 0.0 0.9293589684547553 340.753 0.0 1.0 0.0 0 -0.9293589684547553 0.0 -0.36917733916467976 73.2042
-0.36802465051561706 0.0 0.9298160337469225 340.848 0.0 1.0 0.0 0 -0.9298160337469225 0.0 -0.36802465051561706 72.82
-0.3777116975867325 0.0 0.92592325465243 340.577 0.0 1.0 0.0 0 -0.92592325465243 0.0 -0.3777116975867325 72.8893
-0.3869242272147164 0.0 0.9221115129930301 340.302 0.0 1.0 0.0 0 -0.9221115129930301 0.0 -0.3869242272147164 72.936
-0.39586873214084206 0.0 0.9183071092576832 340.018 0.0 1.0 0.0 0 -0.9183071092576832 0.0 -0.39586873214084206 72.9603
-0.4043460161307133 0.0 0.9146060896578488 339.734 0.0 1.0 0.0 0 -0.9146060896578488 0.0 -0.4043460161307133 72.9671
-0.412305907345935 0.0 0.9110454647094434 339.446 0.0 1.0 0.0 0 -0.9110454647094434 0.0 -0.412305907345935 72.9587
-0.42230226110283753 0.0 0.9064550734964371 338.768 0.0 1.0 0.0 0 -0.9064550734964371 0.0 -0.42230226110283753 73.0317
-0.43097561299384 0.0 0.9023635747328149 338.09 0.0 1.0 0.0 0 -0.9023635747328149 0.0 -0.43097561299384 73.0767
-0.43903439817131074 0.0 0.898470253944089 337.403 0.0 1.0 0.0 0 -0.898470253944089 0.0 -0.43903439817131074 73.0989
-0.44627067846314583 0.0 0.8948980285731126 336.726 0.0 1.0 0.0 0 -0.8948980285731126 0.0 -0.44627067846314583 73.0889
-0.45188180107044773 0.0 0.8920778205186631 336.044 0.0 1.0 0.0 0 -0.8920778205186631 0.0 -0.45188180107044773 73.0608
-0.45738617771082435 0.0 0.8892681735219601 335.365 0.0 1.0 0.0 0 -0.8892681735219601 0.0 -0.45738617771082435 73.013
-0.46230567925272537 0.0 0.886720620562461 334.695 0.0 1.0 0.0 0 -0.886720620562461 0.0 -0.46230567925272537 72.937
-0.4663089202733175 0.0 0.8846219479944711 334.021 0.0 1.0 0.0 0 -0.8846219479944711 0.0 -0.4663089202733175 72.8436
-0.46890768976128694 0.0 0.8832471785874736 333.342 0.0 1.0 0.0 0 -0.8832471785874736 0.0 -0.46890768976128694 72.7209
-0.4699407677806329 0.0 0.8826979521771586 332.672 0.0 1.0 0.0 0 -0.8826979521771586 0.0 -0.4699407677806329 72.5827
-0.46855435338665896 0.0 0.8834346709986031 332.016 0.0 1.0 0.0 0 -0.8834346709986031 0.0 -0.46855435338665896 72.4384
-0.46548602032499686 0.0 0.8850552326730784 331.367 0.0 1.0 0.0 0 -0.8850552326730784 0.0 -0.46548602032499686 72.2922
-0.4616138966054384 0.0 0.8870809492153147 330.713 0.0 1.0 0.0 0 -0.8870809492153147 0.0 -0.4616138966054384 72.1243
-0.45614075443620417 0.0 0.8899076424789095 330.067 0.0 1.0 0.0 0 -0.8899076424789095 0.0 -0.45614075443620417 71.9346
-0.44766617579943424 0.0 0.8942007576853812 329.432 0.0 1.0 0.0 0 -0.8942007576853812 0.0 -0.44766617579943424 71.7366
-0.4363010241177405 0.0 0.899800764810639 328.815 0.0 1.0 0.0 0 -0.899800764810639 0.0 -0.4363010241177405 71.5363
-0.42038870225135616 0.0 0.9073441127926168 328.213 0.0 1.0 0.0 0 -0.9073441127926168 0.0 -0.42038870225135616 71.3277
-0.40122486452359896 0.0 0.9159795893402973 327.627 0.0 1.0 0.0 0 -0.9159795893402973 0.0 -0.40122486452359896 71.1113
-0.37744316396387023 0.0 0.9260327521081222 327.045 0.0 1.0 0.0 0 -0.9260327521081222 0.0 -0.37744316396387023 70.8931
-0.3490279991749292 0.0 0.9371122962548009 326.474 0.0 1.0 0.0 0 -0.9371122962548009 0.0 -0.3490279991749292 70.6738
-0.3165817155781583 0.0 0.9485652414892665 325.93 0.0 1.0 0.0 0 -0.9485652414892665 0.0 -0.3165817155781583 70.4563
-0.28032596528812137 0.0 0.959904866736951 325.403 0.0 1.0 0.0 0 -0.959904866736951 0.0 -0.28032596528812137 70.2444
-0.23826952985436467 0.0 0.9711990687510879 324.907 0.0 1.0 0.0 0 -0.9711990687510879 0.0 -0.23826952985436467 70.0383
-0.19111079301580003 0.0 0.981568471780177 324.44 0.0 1.0 0.0 0 -0.981568471780177 0.0 -0.19111079301580003 69.8383
-0.13955665405760453 0.0 0.9902140881184464 324.005 0.0 1.0 0.0 0 -0.9902140881184464 0.0 -0.13955665405760453 69.637
-0.08281870506489475 0.0 0.9965646301627276 323.608 0.0 1.0 0.0 0 -0.9965646301627276 0.0 -0.08281870506489475 69.4321
-0.020842163951984682 0.0 0.9997827785083113 323.244 0.0 1.0 0.0 0 -0.9997827785083113 0.0 -0.020842163951984682 69.2259
0.04573037270661806 0.0 0.9989538192589855 322.927 0.0 1.0 0.0 0 -0.9989538192589855 0.0 0.04573037270661806 69.0178
0.11474303945009823 0.0 0.9933952057956357 322.651 0.0 1.0 0.0 0 -0.9933952057956357 0.0 0.11474303945009823 68.8083
0.186350564002156 0.0 0.9824833165484687 322.425 0.0 1.0 0.0 0 -0.9824833165484687 0.0 0.186350564002156 68.5787
0.25813987641055425 0.0 0.9661075531258121 322.237 0.0 1.0 0.0 0 -0.9661075531258121 0.0 0.25813987641055425 68.3385
0.32849180769815123 0.0 0.944506819602273 322.103 0.0 1.0 0.0 0 -0.944506819602273 0.0 0.32849180769815123 68.077
0.39585280274947154 0.0 0.9183139760209403 322.009 0.0 1.0 0.0 0 -0.9183139760209403 0.0 0.39585280274947154 67.7989
0.4607289401682284 0.0 0.8875408969120584 321.959 0.0 1.0 0.0 0 -0.8875408969120584 0.0 0.4607289401682284 67.4939
0.522394208233875 0.0 0.8527041053048254 321.943 0.0 1.0 0.0 0 -0.8527041053048254 0.0 0.522394208233875 67.1596
0.5795621708135672 0.0 0.8149280275962201 321.953 0.0 1.0 0.0 0 -0.8149280275962201 0.0 0.5795621708135672 66.7932
0.6315140264732224 0.0 0.7753644526076613 321.99 0.0 1.0 0.0 0 -0.7753644526076613 0.0 0.6315140264732224 66.4037
0.6788933173279368 0.0 0.7342369261263487 322.059 0.0 1.0 0.0 0 -0.7342369261263487 0.0 0.6788933173279368 65.9669
0.7222806625144709 0.0 0.6916000611319068 322.152 0.0 1.0 0.0 0 -0.6916000611319068 0.0 0.7222806625144709 65.4953
0.7604919114785698 0.0 0.6493474051504873 322.261 0.0 1.0 0.0 0 -0.6493474051504873 0.0 0.7604919114785698 64.9898
0.7930467097815866 0.0 0.6091608294240528 322.381 0.0 1.0 0.0 0 -0.6091608294240528 0.0 0.7930467097815866 64.4677
0.8209400329729669 0.0 0.5710144151090618 322.503 0.0 1.0 0.0 0 -0.5710144151090618 0.0 0.8209400329729669 63.9235
0.8439996685125797 0.0 0.5363436953583548 322.649 0.0 1.0 0.0 0 -0.5363436953583548 0.0 0.8439996685125797 63.3451
0.8639801024694473 0.0 0.5035259502119859 322.804 0.0 1.0 0.0 0 -0.5035259502119859 0.0 0.8639801024694473 62.7238
0.881110033714801 0.0 0.47291131143915577 322.98 0.0 1.0 0.0 0 -0.47291131143915577 0.0 0.881110033714801 62.0765
0.8955876376976759 0.0 0.4448851348416763 323.167 0.0 1.0 0.0 0 -0.4448851348416763 0.0 0.8955876376976759 61.4177
0.9076674059266411 0.0 0.4196902193504183 323.351 0.0 1.0 0.0 0 -0.4196902193504183 0.0 0.9076674059266411 60.7561
0.9179459621901692 0.0 0.3967054455118614 323.542 0.0 1.0 0.0 0 -0.3967054455118614 0.0 0.9179459621901692 60.086
0.9261239429635081 0.0 0.3772193556403552 323.745 0.0 1.0 0.0 0 -0.3772193556403552 0.0 0.9261239429635081 59.4048
0.9336292071038025 0.0 0.3582408458603304 323.961 0.0 1.0 0.0 0 -0.3582408458603304 0.0 0.9336292071038025 58.699
0.9395967671051061 0.0 0.34228338441360695 324.198 0.0 1.0 0.0 0 -0.34228338441360695 0.0 0.9395967671051061 57.9845
0.9444260894648302 0.0 0.32872383780031617 324.449 0.0 1.0 0.0 0 -0.32872383780031617 0.0 0.9444260894648302 57.2633
0.9485334750865972 0.0 0.3166768804951563 324.71 0.0 1.0 0.0 0 -0.3166768804951563 0.0 0.9485334750865972 56.5405
0.9519481338844019 0.0 0.30625928621676884 324.984 0.0 1.0 0.0 0 -0.30625928621676884 0.0 0.9519481338844019 55.8142
0.9545416612744559 0.0 0.2980775350330881 325.267 0.0 1.0 0.0 0 -0.2980775350330881 0.0 0.9545416612744559 55.0852
0.9564385539707627 0.0 0.2919337124730827 325.57 0.0 1.0 0.0 0 -0.2919337124730827 0.0 0.9564385539707627 54.3532
0.9575092754510569 0.0 0.28840247472099123 325.883 0.0 1.0 0.0 0 -0.28840247472099123 0.0 0.9575092754510569 53.611
0.9577342257392731 0.0 0.2876545720957605 326.217 0.0 1.0 0.0 0 -0.2876545720957605 0.0 0.9577342257392731 52.8704
0.9576933691342964 0.0 0.2877905674552251 326.575 0.0 1.0 0.0 0 -0.2877905674552251 0.0 0.9576933691342964 52.1369
0.957556848825075 0.0 0.28824448176538003 326.946 0.0 1.0 0.0 0 -0.28824448176538003 0.0 0.957556848825075 51.4041
0.9567404839719917 0.0 0.2909426856427896 327.34 0.0 1.0 0.0 0 -0.2909426856427896 0.0 0.9567404839719917 50.6806
0.9551909775635109 0.0 0.2959901964276257 327.754 0.0 1.0 0.0 0 -0.2959901964276257 0.0 0.9551909775635109 49.9636
0.9534654141146888 0.0 0.3015024114117581 328.188 0.0 1.0 0.0 0 -0.3015024114117581 0.0 0.9534654141146888 49.2522
0.9512430709160492 0.0 0.3084422474859828 328.633 0.0 1.0 0.0 0 -0.3084422474859828 0.0 0.9512430709160492 48.5481
0.9482198178126267 0.0 0.31761482507494687 329.099 0.0 1.0 0.0 0 -0.31761482507494687 0.0 0.9482198178126267 47.8562
0.9441997039630631 0.0 0.3293735250988824 329.586 0.0 1.0 0.0 0 -0.3293735250988824 0.0 0.9441997039630631 47.1777
0.9393463069314605 0.0 0.3429701381377486 330.092 0.0 1.0 0.0 0 -0.3429701381377486 0.0 0.9393463069314605 46.508
0.9334148121559817 0.0 0.358799092038725 330.611 0.0 1.0 0.0 0 -0.358799092038725 0.0 0.9334148121559817 45.8546
0.9266252014352134 0.0 0.3759863509027292 331.156 0.0 1.0 0.0 0 -0.3759863509027292 0.0 0.9266252014352134 45.2259
0.9192823677561898 0.0 0.3935986894446848 331.711 0.0 1.0 0.0 0 -0.3935986894446848 0.0 0.9192823677561898 44.6204
0.9148992718850875 0.0 0.40368220459185067 332.202 0.0 1.0 0.0 0 -0.40368220459185067 0.0 0.9148992718850875 44.4618
0.9102603042153024 0.0 0.4140364459439112 332.706 0.0 1.0 0.0 0 -0.4140364459439112 0.0 0.9102603042153024 44.3136
0.9053407214319871 0.0 0.4246859758892552 333.219 0.0 1.0 0.0 0 -0.4246859758892552 0.0 0.9053407214319871 44.1874
0.9002913269923407 0.0 0.4352878662935256 333.73 0.0 1.0 0.0 0 -0.4352878662935256 0.0 0.9002913269923407 44.0618
0.8952127269887231 0.0 0.4456390618397516 334.249 0.0 1.0 0.0 0 -0.4456390618397516 0.0 0.8952127269887231 43.9581
0.8905265671275842 0.0 0.4549312401231204 334.76 0.0 1.0 0.0 0 -0.4549312401231204 0.0 0.8905265671275842 43.8604
0.8863920087749594 0.0 0.4629354239846982 335.282 0.0 1.0 0.0 0 -0.4629354239846982 0.0 0.8863920087749594 43.7861
0.8818792368258231 0.0 0.47147535636075805 335.794 0.0 1.0 0.0 0 -0.47147535636075805 0.0 0.8818792368258231 43.7128
0.8771732926870701 0.0 0.48017394202155905 336.323 0.0 1.0 0.0 0 -0.48017394202155905 0.0 0.8771732926870701 43.6545
0.8749474724928833 0.0 0.48421784392803535 336.591 0.0 1.0 0.0 0 -0.48421784392803535 0.0 0.8749474724928833 43.7712
0.8725042188199637 0.0 0.4886065780782786 336.842 0.0 1.0 0.0 0 -0.4886065780782786 0.0 0.8725042188199637 43.874
0.8701296455909414 0.0 0.4928228889406241 337.093 0.0 1.0 0.0 0 -0.4928228889406241 0.0 0.8701296455909414 43.9827
0.8676844932951884 0.0 0.49711529859286374 337.335 0.0 1.0 0.0 0 -0.49711529859286374 0.0 0.8676844932951884 44.0962
0.865909268233048 0.0 0.5002010987474012 337.573 0.0 1.0 0.0 0 -0.5002010987474012 0.0 0.865909268233048 44.2116
0.860716447151318 0.0 0.5090846664389062 338.285 0.0 1.0 0.0 0 -0.5090846664389062 0.0 0.860716447151318 44.1962
0.8556773684641088 0.0 0.5175096531450768 338.983 0.0 1.0 0.0 0 -0.5175096531450768 0.0 0.8556773684641088 44.1973
0.8510692092203394 0.0 0.5250535221451869 339.688 0.0 1.0 0.0 0 -0.5250535221451869 0.0 0.8510692092203394 44.2022
0.8468208491712765 0.0 0.5318782279891124 340.388 0.0 1.0 0.0 0 -0.5318782279891124 0.0 0.8468208491712765 44.2177
0.8430732203839788 0.0 0.5377987960858476 341.077 0.0 1.0 0.0 0 -0.5377987960858476 0.0 0.8430732203839788 44.2329
0.8396596899496962 0.0 0.54311288428243 341.764 0.0 1.0 0.0 0 -0.54311288428243 0.0 0.8396596899496962 44.2584
0.8367447713047582 0.0 0.5475930858713868 342.445 0.0 1.0 0.0 0 -0.5475930858713868 0.0 0.8367447713047582 44.2907
0.8337082204709353 0.0 0.5522052183013 343.114 0.0 1.0 0.0 0 -0.5522052183013 0.0 0.8337082204709353 44.3227
0.8307837522539184 0.0 0.5565953260591576 343.778 0.0 1.0 0.0 0 -0.5565953260591576 0.0 0.8307837522539184 44.3529
0.8279842342290118 0.0 0.5607513779458745 344.44 0.0 1.0 0.0 0 -0.5607513779458745 0.0 0.8279842342290118 44.3849
0.8247281474784984 0.0 0.5655293827527302 345.086 0.0 1.0 0.0 0 -0.5655293827527302 0.0 0.8247281474784984 44.4157
0.8213520913734145 0.0 0.5704215476264184 345.741 0.0 1.0 0.0 0 -0.5704215476264184 0.0 0.8213520913734145 44.4564
0.8172618377304741 0.0 0.5762665083009841 346.379 0.0 1.0 0.0 0 -0.5762665083009841 0.0 0.8172618377304741 44.4917
0.8129058286942321 0.0 0.5823951525166944 347.015 0.0 1.0 0.0 0 -0.5823951525166944 0.0 0.8129058286942321 44.531
0.808174180306107 0.0 0.5889435408309969 347.666 0.0 1.0 0.0 0 -0.5889435408309969 0.0 0.808174180306107 44.5733
0.8119309281799316 0.0 0.5837535163618929 348.273 0.0 1.0 0.0 0 -0.5837535163618929 0.0 0.8119309281799316 44.7328
0.8151906749125942 0.0 0.5791926825638849 348.877 0.0 1.0 0.0 0 -0.5791926825638849 0.0 0.8151906749125942 44.8834
0.8178146768992431 0.0 0.5754816715136865 349.477 0.0 1.0 0.0 0 -0.5754816715136865 0.0 0.8178146768992431 45.0303
0.8198473260862443 0.0 0.5725821879077583 350.08 0.0 1.0 0.0 0 -0.5725821879077583 0.0 0.8198473260862443 45.1666
0.8201993090662372 0.0 0.5720778735515535 350.663 0.0 1.0 0.0 0 -0.5720778735515535 0.0 0.8201993090662372 45.2962
0.8196526007589315 0.0 0.572860902898007 351.246 0.0 1.0 0.0 0 -0.572860902898007 0.0 0.8196526007589315 45.4206
0.8183409002077802 0.0 0.574733130284935 351.825 0.0 1.0 0.0 0 -0.574733130284935 0.0 0.8183409002077802 45.5373
0.8162792712264242 0.0 0.5776574688914339 352.39 0.0 1.0 0.0 0 -0.5776574688914339 0.0 0.8162792712264242 45.6424
0.8136849268325672 0.0 0.5813061498431612 352.944 0.0 1.0 0.0 0 -0.5813061498431612 0.0 0.8136849268325672 45.7358
0.8097959975320781 0.0 0.5867115495548274 353.484 0.0 1.0 0.0 0 -0.5867115495548274 0.0 0.8097959975320781 45.8287
0.8046669622109562 0.0 0.5937264352597006 354.015 0.0 1.0 0.0 0 -0.5937264352597006 0.0 0.8046669622109562 45.9112
0.7981091122533533 0.0 0.6025129417184035 354.527 0.0 1.0 0.0 0 -0.6025129417184035 0.0 0.7981091122533533 45.9826
0.7892589929693754 0.0 0.6140604546923433 355.016 0.0 1.0 0.0 0 -0.6140604546923433 0.0 0.7892589929693754 46.0487
0.778466075971199 0.0 0.6276866802489944 355.493 0.0 1.0 0.0 0 -0.6276866802489944 0.0 0.778466075971199 46.1003
0.7656346395512521 0.0 0.6432756786318168 355.949 0.0 1.0 0.0 0 -0.6432756786318168 0.0 0.7656346395512521 46.1515
0.752222310081218 0.0 0.6589093990952595 356.596 0.0 1.0 0.0 0 -0.6589093990952595 0.0 0.752222310081218 45.9065
0.7355413009903711 0.0 0.6774798849688399 357.235 0.0 1.0 0.0 0 -0.6774798849688399 0.0 0.7355413009903711 45.6639
0.7155543346965445 0.0 0.6985570800564443 357.864 0.0 1.0 0.0 0 -0.6985570800564443 0.0 0.7155543346965445 45.4307
0.6922435744291282 0.0 0.7216639340174787 358.498 0.0 1.0 0.0 0 -0.7216639340174787 0.0 0.6922435744291282 45.2091
0.6639870497859363 0.0 0.7477440723379682 359.119 0.0 1.0 0.0 0 -0.7477440723379682 0.0 0.6639870497859363 45.0006
0.6312046057960091 0.0 0.7756163649781409 359.736 0.0 1.0 0.0 0 -0.7756163649781409 0.0 0.6312046057960091 44.8042
0.5932510364996884 0.0 0.8050175201149634 360.34 0.0 1.0 0.0 0 -0.8050175201149634 0.0 0.5932510364996884 44.6297
0.5506262929758781 0.0 0.8347518706080522 360.932 0.0 1.0 0.0 0 -0.8347518706080522 0.0 0.5506262929758781 44.475
0.5031728226563046 0.0 0.8641858078793513 361.51 0.0 1.0 0.0 0 -0.8641858078793513 0.0 0.5031728226563046 44.3463
0.4507419403303987 0.0 0.8926543021949692 362.07 0.0 1.0 0.0 0 -0.8926543021949692 0.0 0.4507419403303987 44.2389
0.3921395939073379 0.0 0.9199057228271755 362.601 0.0 1.0 0.0 0 -0.9199057228271755 0.0 0.3921395939073379 44.1549
0.32728257019873686 0.0 0.9449265152614298 363.101 0.0 1.0 0.0 0 -0.9449265152614298 0.0 0.32728257019873686 44.0949
0.2566517652646153 0.0 0.966503942768242 363.564 0.0 1.0 0.0 0 -0.966503942768242 0.0 0.2566517652646153 44.0595
0.1827141084570535 0.0 0.9831660869714456 363.992 0.0 1.0 0.0 0 -0.9831660869714456 0.0 0.1827141084570535 44.0531
0.1066829192209311 0.0 0.9942930929793792 364.39 0.0 1.0 0.0 0 -0.9942930929793792 0.0 0.1066829192209311 44.0601
0.028512462130014793 0.0 0.9995934371049484 364.734 0.0 1.0 0.0 0 -0.9995934371049484 0.0 0.028512462130014793 44.0944
-0.04957334616381992 0.0 0.9987704858225047 365.03 0.0 1.0 0.0 0 -0.9987704858225047 0.0 -0.04957334616381992 44.1484
-0.12661292421713144 0.0 0.9919522001695381 365.275 0.0 1.0 0.0 0 -0.9919522001695381 0.0 -0.12661292421713144 44.2178
-0.20242511664554752 0.0 0.9792977443816752 365.472 0.0 1.0 0.0 0 -0.9792977443816752 0.0 -0.20242511664554752 44.2911
-0.2764168414839008 0.0 0.9610378399126981 365.62 0.0 1.0 0.0 0 -0.9610378399126981 0.0 -0.2764168414839008 44.3731
-0.3468342028344604 0.0 0.9379264554026526 365.716 0.0 1.0 0.0 0 -0.9379264554026526 0.0 -0.3468342028344604 44.4554
-0.41172275384807766 0.0 0.911309153890026 365.764 0.0 1.0 0.0 0 -0.911309153890026 0.0 -0.41172275384807766 44.5276
-0.4701349499559786 0.0 0.8825945438477907 365.764 0.0 1.0 0.0 0 -0.8825945438477907 0.0 -0.4701349499559786 44.5938
-0.5209501279087874 0.0 0.853587115783631 365.716 0.0 1.0 0.0 0 -0.853587115783631 0.0 -0.5209501279087874 44.6454
-0.563902476250312 0.0 0.8258413874823459 365.634 0.0 1.0 0.0 0 -0.8258413874823459 0.0 -0.563902476250312 44.6825
-0.600977602886746 0.0 0.7992658636702188 365.499 0.0 1.0 0.0 0 -0.7992658636702188 0.0 -0.600977602886746 44.7074
-0.6326681119132493 0.0 0.7744230498688199 365.33 0.0 1.0 0.0 0 -0.7744230498688199 0.0 -0.6326681119132493 44.7091
-0.6560655797599908 0.0 0.7547038856758244 365.131 0.0 1.0 0.0 0 -0.7547038856758244 0.0 -0.6560655797599908 44.6811
-0.673891754193644 0.0 0.7388300911778116 364.9 0.0 1.0 0.0 0 -0.7388300911778116 0.0 -0.673891754193644 44.653
-0.6888081254026739 0.0 0.7249436987651209 364.662 0.0 1.0 0.0 0 -0.7249436987651209 0.0 -0.6888081254026739 44.6234
-0.701281596782303 0.0 0.7128843679128218 364.403 0.0 1.0 0.0 0 -0.7128843679128218 0.0 -0.701281596782303 44.5845
-0.7106654797993874 0.0 0.7035300816749112 364.129 0.0 1.0 0.0 0 -0.7035300816749112 0.0 -0.7106654797993874 44.5406
-0.7174910108663293 0.0 0.696567763628215 363.835 0.0 1.0 0.0 0 -0.696567763628215 0.0 -0.7174910108663293 44.4962
-0.7224876581458166 0.0 0.691383818025107 363.52 0.0 1.0 0.0 0 -0.691383818025107 0.0 -0.7224876581458166 44.456
-0.7250752614014062 0.0 0.6886696343702711 363.182 0.0 1.0 0.0 0 -0.6886696343702711 0.0 -0.7250752614014062 44.412
-0.7265542241450405 0.0 0.6871091320721902 362.836 0.0 1.0 0.0 0 -0.6871091320721902 0.0 -0.7265542241450405 44.3573
-0.727453713430845 0.0 0.6861567567368803 362.486 0.0 1.0 0.0 0 -0.6861567567368803 0.0 -0.727453713430845 44.3162
-0.7282080456015905 0.0 0.685356142688684 362.125 0.0 1.0 0.0 0 -0.685356142688684 0.0 -0.7282080456015905 44.2942
-0.7280709598098061 0.0 0.6855017705897107 361.751 0.0 1.0 0.0 0 -0.6855017705897107 0.0 -0.7280709598098061 44.286
-0.7283725101018654 0.0 0.6851813530211606 361.36 0.0 1.0 0.0 0 -0.6851813530211606 0.0 -0.7283725101018654 44.2701
-0.7242828120404801 0.0 0.6895030153543458 360.796 0.0 1.0 0.0 0 -0.6895030153543458 0.0 -0.7242828120404801 44.4143
-0.7200148191467888 0.0 0.6939586876817795 360.225 0.0 1.0 0.0 0 -0.6939586876817795 0.0 -0.7200148191467888 44.5745
-0.7160615403236024 0.0 0.6980371555077781 359.645 0.0 1.0 0.0 0 -0.6980371555077781 0.0 -0.7160615403236024 44.741
-0.7136000184703941 0.0 0.7005533624493235 359.072 0.0 1.0 0.0 0 -0.7005533624493235 0.0 -0.7136000184703941 44.9124
-0.7113475695390479 0.0 0.7028404052919055 358.494 0.0 1.0 0.0 0 -0.7028404052919055 0.0 -0.7113475695390479 45.0984
-0.7091935508707699 0.0 0.7050138349020598 357.914 0.0 1.0 0.0 0 -0.7050138349020598 0.0 -0.7091935508707699 45.2972
-0.7083329064237807 0.0 0.7058785261482602 357.336 0.0 1.0 0.0 0 -0.7058785261482602 0.0 -0.7083329064237807 45.5057
-0.7074500051108621 0.0 0.706763390583186 356.72 0.0 1.0 0.0 0 -0.706763390583186 0.0 -0.7074500051108621 45.7291
-0.7054115954251938 0.0 0.7087979126942197 356.108 0.0 1.0 0.0 0 -0.7087979126942197 0.0 -0.7054115954251938 45.958
-0.7039144626582423 0.0 0.7102847522371276 355.499 0.0 1.0 0.0 0 -0.7102847522371276 0.0 -0.7039144626582423 46.1974
-0.701488303757209 0.0 0.7126809662758179 354.883 0.0 1.0 0.0 0 -0.7126809662758179 0.0 -0.701488303757209 46.45
-0.6992327332639354 0.0 0.7148941073559401 354.268 0.0 1.0 0.0 0 -0.7148941073559401 0.0 -0.6992327332639354 46.7049
-0.6978588485957573 0.0 0.7162353156865447 353.64 0.0 1.0 0.0 0 -0.7162353156865447 0.0 -0.6978588485957573 46.971
-0.6963388626360811 0.0 0.7177131658139547 353.007 0.0 1.0 0.0 0 -0.7177131658139547 0.0 -0.6963388626360811 47.2396
-0.6948588970689142 0.0 0.7191461000131841 352.363 0.0 1.0 0.0 0 -0.7191461000131841 0.0 -0.6948588970689142 47.5129
-0.6927848774471939 0.0 0.7211443084296492 351.704 0.0 1.0 0.0 0 -0.7211443084296492 0.0 -0.6927848774471939 47.8024
-0.689112540994328 0.0 0.7246543354209238 351.049 0.0 1.0 0.0 0 -0.7246543354209238 0.0 -0.689112540994328 48.1009
-0.6848615457682312 0.0 0.7286732210860702 350.385 0.0 1.0 0.0 0 -0.7286732210860702 0.0 -0.6848615457682312 48.4041
-0.6797440958369889 0.0 0.7334493603342731 349.719 0.0 1.0 0.0 0 -0.7334493603342731 0.0 -0.6797440958369889 48.7056
-0.6745342812575637 0.0 0.7382435258153929 349.056 0.0 1.0 0.0 0 -0.7382435258153929 0.0 -0.6745342812575637 49.0379
-0.6681754012813321 0.0 0.7440037856909941 348.401 0.0 1.0 0.0 0 -0.7440037856909941 0.0 -0.6681754012813321 49.3752
-0.6613548927664668 0.0 0.7500731336435502 347.747 0.0 1.0 0.0 0 -0.7500731336435502 0.0 -0.6613548927664668 49.7216
-0.6538287854305196 0.0 0.7566425307517756 347.091 0.0 1.0 0.0 0 -0.7566425307517756 0.0 -0.6538287854305196 50.0892
-0.6446639953689572 0.0 0.7644660444224667 346.439 0.0 1.0 0.0 0 -0.7644660444224667 0.0 -0.6446639953689572 50.4613
-0.6351198500631596 0.0 0.7724136042663605 345.806 0.0 1.0 0.0 0 -0.7724136042663605 0.0 -0.6351198500631596 50.8267
-0.625360691376537 0.0 0.7803358287821082 345.162 0.0 1.0 0.0 0 -0.7803358287821082 0.0 -0.625360691376537 51.2225
-0.6161251582639131 0.0 0.787648264997942 344.528 0.0 1.0 0.0 0 -0.787648264997942 0.0 -0.6161251582639131 51.6093
-0.6067723328960755 0.0 0.7948756733174405 343.892 0.0 1.0 0.0 0 -0.7948756733174405 0.0 -0.6067723328960755 52.0035
-0.5981444420373052 0.0 0.8013883119062077 343.265 0.0 1.0 0.0 0 -0.8013883119062077 0.0 -0.5981444420373052 52.3967
-0.5884202646725931 0.0 0.8085552498887357 342.644 0.0 1.0 0.0 0 -0.8085552498887357 0.0 -0.5884202646725931 52.8109
-0.5776310808970271 0.0 0.8162979446144236 342.039 0.0 1.0 0.0 0 -0.8162979446144236 0.0 -0.5776310808970271 53.2431
-0.5672754416061314 0.0 0.8235281254156223 341.444 0.0 1.0 0.0 0 -0.8235281254156223 0.0 -0.5672754416061314 53.677
-0.5566714843295606 0.0 0.8307327238855612 340.876 0.0 1.0 0.0 0 -0.8307327238855612 0.0 -0.5566714843295606 54.1074
-0.5455235460029524 0.0 0.838095496203365 340.31 0.0 1.0 0.0 0 -0.838095496203365 0.0 -0.5455235460029524 54.5347
-0.5347853278522561 0.0 0.8449879603366875 339.757 0.0 1.0 0.0 0 -0.8449879603366875 0.0 -0.5347853278522561 54.9476
-0.523977073171523 0.0 0.8517323680538414 339.213 0.0 1.0 0.0 0 -0.8517323680538414 0.0 -0.523977073171523 55.3752
-0.5137617014442137 0.0 0.8579329310203373 338.679 0.0 1.0 0.0 0 -0.8579329310203373 0.0 -0.5137617014442137 55.8202
-0.5036198387253952 0.0 0.8639253775889484 338.146 0.0 1.0 0.0 0 -0.8639253775889484 0.0 -0.5036198387253952 56.287
-0.4932863137489132 0.0 0.869867008609942 337.621 0.0 1.0 0.0 0 -0.869867008609942 0.0 -0.4932863137489132 56.7515
-0.48159492204302845 0.0 0.8763939360027373 337.125 0.0 1.0 0.0 0 -0.8763939360027373 0.0 -0.48159492204302845 57.212
-0.4707085370530779 0.0 0.8822887697037467 336.653 0.0 1.0 0.0 0 -0.8822887697037467 0.0 -0.4707085370530779 57.6675
-0.4590483085094965 0.0 0.8884113070276458 336.171 0.0 1.0 0.0 0 -0.8884113070276458 0.0 -0.4590483085094965 58.1293
-0.4481936762995651 0.0 0.8939364790213457 335.698 0.0 1.0 0.0 0 -0.8939364790213457 0.0 -0.4481936762995651 58.5879
-0.4374524113644449 0.0 0.8992415625355807 335.239 0.0 1.0 0.0 0 -0.8992415625355807 0.0 -0.4374524113644449 59.0747
-0.4272180622095896 0.0 0.9041486201515122 334.789 0.0 1.0 0.0 0 -0.9041486201515122 0.0 -0.4272180622095896 59.5532
-0.4182462014349775 0.0 0.9083337024382682 334.355 0.0 1.0 0.0 0 -0.9083337024382682 0.0 -0.4182462014349775 60.0236
-0.4068779205069557 0.0 0.913482543787201 333.935 0.0 1.0 0.0 0 -0.913482543787201 0.0 -0.4068779205069557 60.5205
-0.39437136632387704 0.0 0.9189511550805289 333.532 0.0 1.0 0.0 0 -0.9189511550805289 0.0 -0.39437136632387704 61.0119
-0.38161571890845747 0.0 0.9243210714259311 333.129 0.0 1.0 0.0 0 -0.9243210714259311 0.0 -0.38161571890845747 61.5025
-0.36806184286253707 0.0 0.929801312017053 332.735 0.0 1.0 0.0 0 -0.929801312017053 0.0 -0.36806184286253707 61.9973
-0.3544012444161564 0.0 0.9350934487826766 332.361 0.0 1.0 0.0 0 -0.9350934487826766 0.0 -0.3544012444161564 62.4815
-0.34135082899288816 0.0 0.9399359614068757 331.993 0.0 1.0 0.0 0 -0.9399359614068757 0.0 -0.34135082899288816 62.9813
-0.3301605645420558 0.0 0.9439247859979474 331.628 0.0 1.0 0.0 0 -0.9439247859979474 0.0 -0.3301605645420558 63.4773
-0.32052499628703846 0.0 0.9472400576174943 331.283 0.0 1.0 0.0 0 -0.9472400576174943 0.0 -0.32052499628703846 63.9793
-0.3106090169374722 0.0 0.9505377628464515 330.956 0.0 1.0 0.0 0 -0.9505377628464515 0.0 -0.3106090169374722 64.485
-0.3004492903742051 0.0 0.9537977898452256 330.637 0.0 1.0 0.0 0 -0.9537977898452256 0.0 -0.3004492903742051 64.9834
-0.28707669305644345 0.0 0.9579076011305978 330.322 0.0 1.0 0.0 0 -0.9579076011305978 0.0 -0.28707669305644345 65.5103
-0.27442690236692346 0.0 0.9616079633911603 330.03 0.0 1.0 0.0 0 -0.9616079633911603 0.0 -0.27442690236692346 66.0202
-0.26163292557468587 0.0 0.9651674529610034 329.749 0.0 1.0 0.0 0 -0.9651674529610034 0.0 -0.26163292557468587 66.5439
-0.2514941097529124 0.0 0.9678588289412821 329.473 0.0 1.0 0.0 0 -0.9678588289412821 0.0 -0.2514941097529124 67.0511
-0.24010466944033304 0.0 0.9707470049981864 329.202 0.0 1.0 0.0 0 -0.9707470049981864 0.0 -0.24010466944033304 67.5683
-0.2291298663809278 0.0 0.9733958620891392 328.944 0.0 1.0 0.0 0 -0.9733958620891392 0.0 -0.2291298663809278 68.0975
-0.21855524175599328 0.0 0.975824577627034 328.709 0.0 1.0 0.0 0 -0.975824577627034 0.0 -0.21855524175599328 68.6468
-0.20837546879527213 0.0 0.9780489067548467 328.478 0.0 1.0 0.0 0 -0.9780489067548467 0.0 -0.20837546879527213 69.1965
-0.20037794374342965 0.0 0.9797186737330033 328.249 0.0 1.0 0.0 0 -0.9797186737330033 0.0 -0.20037794374342965 69.7307
-0.19048255009725712 0.0 0.9816905816541412 328.019 0.0 1.0 0.0 0 -0.9816905816541412 0.0 -0.19048255009725712 70.2827
-0.17999726733269483 0.0 0.9836671102322992 327.804 0.0 1.0 0.0 0 -0.9836671102322992 0.0 -0.17999726733269483 70.8469
-0.16936337172526272 0.0 0.9855536760206673 327.601 0.0 1.0 0.0 0 -0.9855536760206673 0.0 -0.16936337172526272 71.4075
-0.15878870728124594 0.0 0.9873125880084538 327.413 0.0 1.0 0.0 0 -0.9873125880084538 0.0 -0.15878870728124594 71.9599
-0.14752326958908424 0.0 0.989058585185805 327.228 0.0 1.0 0.0 0 -0.989058585185805 0.0 -0.14752326958908424 72.5197
-0.13498039187096067 0.0 0.9908482698225607 327.049 0.0 1.0 0.0 0 -0.9908482698225607 0.0 -0.13498039187096067 73.0827
-0.11977542235410255 0.0 0.9928010113813825 326.878 0.0 1.0 0.0 0 -0.9928010113813825 0.0 -0.11977542235410255 73.6513
-0.10485060140658353 0.0 0.9944879845350962 326.732 0.0 1.0 0.0 0 -0.9944879845350962 0.0 -0.10485060140658353 74.212
-0.08915513839743694 0.0 0.9960177514970976 326.598 0.0 1.0 0.0 0 -0.9960177514970976 0.0 -0.08915513839743694 74.767
-0.07241024600890378 0.0 0.9973749326471616 326.478 0.0 1.0 0.0 0 -0.9973749326471616 0.0 -0.07241024600890378 75.3325
-0.06764198475804806 0.0 0.9977096581160235 326.18 0.0 1.0 0.0 0 -0.9977096581160235 0.0 -0.06764198475804806 75.4603
-0.061195413795422704 0.0 0.9981258043605561 325.897 0.0 1.0 0.0 0 -0.9981258043605561 0.0 -0.061195413795422704 75.5852
-0.0555350871284368 0.0 0.9984567362172669 325.617 0.0 1.0 0.0 0 -0.9984567362172669 0.0 -0.0555350871284368 75.7125
-0.05076184766103076 0.0 0.9987107863751341 325.34 0.0 1.0 0.0 0 -0.9987107863751341 0.0 -0.05076184766103076 75.8094
-0.04616725718603876 0.0 0.9989337237093951 325.05 0.0 1.0 0.0 0 -0.9989337237093951 0.0 -0.04616725718603876 75.9125
-0.042650731724764634 0.0 0.9990900435312837 324.782 0.0 1.0 0.0 0 -0.9990900435312837 0.0 -0.042650731724764634 76.0103
-0.03883390585261859 0.0 0.9992456793783148 324.522 0.0 1.0 0.0 0 -0.9992456793783148 0.0 -0.03883390585261859 76.1254
-0.035096464127844174 0.0 0.9993839293313271 324.263 0.0 1.0 0.0 0 -0.9993839293313271 0.0 -0.035096464127844174 76.2482
-0.031098658299266724 0.0 0.9995163197527019 323.999 0.0 1.0 0.0 0 -0.9995163197527019 0.0 -0.031098658299266724 76.3708
-0.025201004955365924 0.0 0.9996824042410868 323.732 0.0 1.0 0.0 0 -0.9996824042410868 0.0 -0.025201004955365924 76.4899
-0.01889254914328542 0.0 0.9998215198658551 323.486 0.0 1.0 0.0 0 -0.9998215198658551 0.0 -0.01889254914328542 76.6237
-0.01237335745656365 0.0 0.9999234470824514 323.241 0.0 1.0 0.0 0 -0.9999234470824514 0.0 -0.01237335745656365 76.7391
-0.0069036183662471995 0.0 0.9999761697427861 322.997 0.0 1.0 0.0 0 -0.9999761697427861 0.0 -0.0069036183662471995 76.8547
0.0005063267732623444 0.0 0.9999998718165912 322.758 0.0 1.0 0.0 0 -0.9999998718165912 0.0 0.0005063267732623444 76.9773
0.008036240294098662 0.0 0.9999677088996102 322.55 0.0 1.0 0.0 0 -0.9999677088996102 0.0 0.008036240294098662 77.1061
0.016875525714056483 0.0 0.9998575981767975 322.354 0.0 1.0 0.0 0 -0.9998575981767975 0.0 0.016875525714056483 77.2393
0.026213323836252522 0.0 0.9996563717865534 322.159 0.0 1.0 0.0 0 -0.9996563717865534 0.0 0.026213323836252522 77.3713
0.0369479150617118 0.0 0.9993171926733737 321.968 0.0 1.0 0.0 0 -0.9993171926733737 0.0 0.0369479150617118 77.4941
0.05020521193402383 0.0 0.9987389231899695 321.796 0.0 1.0 0.0 0 -0.9987389231899695 0.0 0.05020521193402383 77.626
0.06267522079837728 0.0 0.998033975723209 321.651 0.0 1.0 0.0 0 -0.998033975723209 0.0 0.06267522079837728 77.7465
0.07571380031430475 0.0 0.9971295905959093 321.501 0.0 1.0 0.0 0 -0.9971295905959093 0.0 0.07571380031430475 77.871
0.08847050816489732 0.0 0.9960787966747635 321.353 0.0 1.0 0.0 0 -0.9960787966747635 0.0 0.08847050816489732 78.0071
0.10444549160830474 0.0 0.9945306125417658 321.236 0.0 1.0 0.0 0 -0.9945306125417658 0.0 0.10444549160830474 78.1523
0.12019502255491599 0.0 0.9927502991956352 321.136 0.0 1.0 0.0 0 -0.9927502991956352 0.0 0.12019502255491599 78.2773
0.13445785284839418 0.0 0.9909193134697697 321.056 0.0 1.0 0.0 0 -0.9909193134697697 0.0 0.13445785284839418 78.4053
0.148504989301105 0.0 0.9889116584168066 320.988 0.0 1.0 0.0 0 -0.9889116584168066 0.0 0.148504989301105 78.5242
0.16242355256931063 0.0 0.986721130599099 320.923 0.0 1.0 0.0 0 -0.986721130599099 0.0 0.16242355256931063 78.6449
0.17692996657189874 0.0 0.9842234435984883 320.878 0.0 1.0 0.0 0 -0.9842234435984883 0.0 0.17692996657189874 78.7592
0.1923892741990305 0.0 0.9813186878752337 320.869 0.0 1.0 0.0 0 -0.9813186878752337 0.0 0.1923892741990305 78.8685
0.20725317098619012 0.0 0.9782873417949192 320.88 0.0 1.0 0.0 0 -0.9782873417949192 0.0 0.20725317098619012 78.9763
0.2214258050509832 0.0 0.9751772212564873 320.896 0.0 1.0 0.0 0 -0.9751772212564873 0.0 0.2214258050509832 79.0747
0.23652356477509684 0.0 0.9716257526980646 320.926 0.0 1.0 0.0 0 -0.9716257526980646 0.0 0.23652356477509684 79.161
0.2524934383760913 0.0 0.9675986066427644 320.974 0.0 1.0 0.0 0 -0.9675986066427644 0.0 0.2524934383760913 79.2408
0.267951671409815 0.0 0.9634323545473685 321.052 0.0 1.0 0.0 0 -0.9634323545473685 0.0 0.267951671409815 79.308
0.28272739426215476 0.0 0.959200302613449 321.137 0.0 1.0 0.0 0 -0.959200302613449 0.0 0.28272739426215476 79.3688
0.2970162126789856 0.0 0.954872436195449 321.242 0.0 1.0 0.0 0 -0.954872436195449 0.0 0.2970162126789856 79.4223
0.3121034988411162 0.0 0.9500481072088578 321.364 0.0 1.0 0.0 0 -0.9500481072088578 0.0 0.3121034988411162 79.4585
0.32587426691200905 0.0 0.9454131171951026 321.496 0.0 1.0 0.0 0 -0.9454131171951026 0.0 0.32587426691200905 79.4807
