0.9449583641495517 0.0 0.3271906019796462 7.44365 0.0 1.0 0.0 0 -0.3271906019796462 0.0 0.9449583641495517 -78.198
0.9438609394748887 0.0 0.3303430443245028 8.0936 0.0 1.0 0.0 0 -0.3303430443245028 0.0 0.9438609394748887 -77.9754
0.9424528080210401 0.0 0.3343392059768889 8.75459 0.0 1.0 0.0 0 -0.3343392059768889 0.0 0.9424528080210401 -77.7521
0.9410284341772676 0.0 0.3383274834681333 9.42578 0.0 1.0 0.0 0 -0.3383274834681333 0.0 0.9410284341772676 -77.5188
0.9393332733880064 0.0 0.343005833049779 10.118 0.0 1.0 0.0 0 -0.343005833049779 0.0 0.9393332733880064 -77.2808
0.9378139184500164 0.0 0.34713837926888175 10.8173 0.0 1.0 0.0 0 -0.34713837926888175 0.0 0.9378139184500164 -77.0321
0.9366247263790906 0.0 0.3503343002551902 11.5461 0.0 1.0 0.0 0 -0.3503343002551902 0.0 0.9366247263790906 -76.7741
0.93523997506799 0.0 0.35401439099961124 12.2785 0.0 1.0 0.0 0 -0.35401439099961124 0.0 0.93523997506799 -76.513
0.9341180498563939 0.0 0.3569642404113999 13.033 0.0 1.0 0.0 0 -0.3569642404113999 0.0 0.9341180498563939 -76.2407
0.932905456916194 0.0 0.3601213801706133 13.7896 0.0 1.0 0.0 0 -0.3601213801706133 0.0 0.932905456916194 -75.9593
0.9321590936399922 0.0 0.36204892506989766 14.5612 0.0 1.0 0.0 0 -0.36204892506989766 0.0 0.9321590936399922 -75.6729
0.9311737901719448 0.0 0.36457560600898 15.3183 0.0 1.0 0.0 0 -0.36457560600898 0.0 0.9311737901719448 -75.3779
0.9303775365336089 0.0 0.3666028362051406 16.0796 0.0 1.0 0.0 0 -0.3666028362051406 0.0 0.9303775365336089 -75.0771
0.9298302657443871 0.0 0.36798869127423245 16.8441 0.0 1.0 0.0 0 -0.36798869127423245 0.0 0.9298302657443871 -74.7692
0.9290620985646075 0.0 0.3699237989244914 17.6153 0.0 1.0 0.0 0 -0.3699237989244914 0.0 0.9290620985646075 -74.4613
0.9285202772543178 0.0 0.3712816918830833 18.3984 0.0 1.0 0.0 0 -0.3712816918830833 0.0 0.9285202772543178 -74.1398
0.9277288345745297 0.0 0.37325488543217333 19.1886 0.0 1.0 0.0 0 -0.37325488543217333 0.0 0.9277288345745297 -73.8229
0.927103081119236 0.0 0.37480645269154506 19.9818 0.0 1.0 0.0 0 -0.37480645269154506 0.0 0.927103081119236 -73.5004
0.9264077265511695 0.0 0.3765218774338265 20.7883 0.0 1.0 0.0 0 -0.3765218774338265 0.0 0.9264077265511695 -73.1766
0.926030364084105 0.0 0.37744902277560616 21.6086 0.0 1.0 0.0 0 -0.37744902277560616 0.0 0.926030364084105 -72.8418
0.9253710641080712 0.0 0.37906251952876585 22.434 0.0 1.0 0.0 0 -0.37906251952876585 0.0 0.9253710641080712 -72.4963
0.9248136034310214 0.0 0.38042055531862295 23.2656 0.0 1.0 0.0 0 -0.38042055531862295 0.0 0.9248136034310214 -72.16
0.9242770547614251 0.0 0.38172231535704804 24.109 0.0 1.0 0.0 0 -0.38172231535704804 0.0 0.9242770547614251 -71.8084
0.923637906667462 0.0 0.3832662486665748 24.96 0.0 1.0 0.0 0 -0.3832662486665748 0.0 0.923637906667462 -71.4594
0.92306350701531 0.0 0.3846475815816299 25.8043 0.0 1.0 0.0 0 -0.3846475815816299 0.0 0.92306350701531 -71.1035
0.9227867068340749 0.0 0.38531116476209604 26.6645 0.0 1.0 0.0 0 -0.38531116476209604 0.0 0.9227867068340749 -70.7391
0.9227315979026691 0.0 0.3854431193211095 27.5191 0.0 1.0 0.0 0 -0.3854431193211095 0.0 0.9227315979026691 -70.3808
0.9230538905373142 0.0 0.3846706580491005 28.3854 0.0 1.0 0.0 0 -0.3846706580491005 0.0 0.9230538905373142 -70.0236
0.9235915246899953 0.0 0.38337800604730826 29.2716 0.0 1.0 0.0 0 -0.38337800604730826 0.0 0.9235915246899953 -69.658
0.9241785396433667 0.0 0.38196076613004903 30.149 0.0 1.0 0.0 0 -0.38196076613004903 0.0 0.9241785396433667 -69.2946
0.9247614771361926 0.0 0.3805472512118399 31.0299 0.0 1.0 0.0 0 -0.3805472512118399 0.0 0.9247614771361926 -68.9325
0.9251271356279457 0.0 0.379657454720479 31.911 0.0 1.0 0.0 0 -0.379657454720479 0.0 0.9251271356279457 -68.5695
0.9255453349566481 0.0 0.3786368087494743 32.7987 0.0 1.0 0.0 0 -0.3786368087494743 0.0 0.9255453349566481 -68.2024
0.9257443698707788 0.0 0.3781499195458788 33.6969 0.0 1.0 0.0 0 -0.3781499195458788 0.0 0.9257443698707788 -67.8275
0.9256032555551155 0.0 0.37849519588202396 34.6011 0.0 1.0 0.0 0 -0.37849519588202396 0.0 0.9256032555551155 -67.4506
0.9252242976207268 0.0 0.3794206097357296 35.5014 0.0 1.0 0.0 0 -0.3794206097357296 0.0 0.9252242976207268 -67.071
0.92482463523824 0.0 0.3803937355641603 36.4211 0.0 1.0 0.0 0 -0.3803937355641603 0.0 0.92482463523824 -66.6774
0.9241567663783811 0.0 0.3820134436862849 37.3423 0.0 1.0 0.0 0 -0.3820134436862849 0.0 0.9241567663783811 -66.2862
0.9236394397250676 0.0 0.3832625541118819 38.2733 0.0 1.0 0.0 0 -0.3832625541118819 0.0 0.9236394397250676 -65.8951
0.9227123245932966 0.0 0.3854892554191815 39.2089 0.0 1.0 0.0 0 -0.3854892554191815 0.0 0.9227123245932966 -65.5041
0.922376213490602 0.0 0.3862927915283167 40.1611 0.0 1.0 0.0 0 -0.3862927915283167 0.0 0.922376213490602 -65.0971
0.9218003888922331 0.0 0.38766485917365245 41.1055 0.0 1.0 0.0 0 -0.38766485917365245 0.0 0.9218003888922331 -64.6991
0.9213679583531976 0.0 0.38869150404924 42.0564 0.0 1.0 0.0 0 -0.38869150404924 0.0 0.9213679583531976 -64.2962
0.9208310768835913 0.0 0.3899617004853239 42.9885 0.0 1.0 0.0 0 -0.3899617004853239 0.0 0.9208310768835913 -63.8931
0.9209020346618836 0.0 0.38979410277171067 43.9335 0.0 1.0 0.0 0 -0.38979410277171067 0.0 0.9209020346618836 -63.4847
0.920606696693285 0.0 0.3904911138598137 44.8703 0.0 1.0 0.0 0 -0.3904911138598137 0.0 0.920606696693285 -63.091
0.9204410457144757 0.0 0.3908814159870515 45.7904 0.0 1.0 0.0 0 -0.3908814159870515 0.0 0.9204410457144757 -62.6938
0.9205125616008771 0.0 0.39071296873151196 46.7059 0.0 1.0 0.0 0 -0.39071296873151196 0.0 0.9205125616008771 -62.3044
0.9204535534485194 0.0 0.39085196167346237 47.6289 0.0 1.0 0.0 0 -0.39085196167346237 0.0 0.9204535534485194 -61.9146
0.9201507583495867 0.0 0.39156427557768897 48.5544 0.0 1.0 0.0 0 -0.39156427557768897 0.0 0.9201507583495867 -61.5184
0.9195556968051579 0.0 0.3929596931915289 49.4588 0.0 1.0 0.0 0 -0.3929596931915289 0.0 0.9195556968051579 -61.124
0.9191614896397068 0.0 0.3938808905790115 50.3946 0.0 1.0 0.0 0 -0.3938808905790115 0.0 0.9191614896397068 -60.7152
0.9191646406574182 0.0 0.3938735372744902 51.3023 0.0 1.0 0.0 0 -0.3938735372744902 0.0 0.9191646406574182 -60.3275
0.918556985704555 0.0 0.39528858320644933 52.1782 0.0 1.0 0.0 0 -0.39528858320644933 0.0 0.918556985704555 -59.9333
0.9182749114856704 0.0 0.3959434138055388 53.066 0.0 1.0 0.0 0 -0.3959434138055388 0.0 0.9182749114856704 -59.544
0.918207983935631 0.0 0.3960985966105714 53.9668 0.0 1.0 0.0 0 -0.3960985966105714 0.0 0.918207983935631 -59.147
0.9180950585464036 0.0 0.3963602697958963 54.8625 0.0 1.0 0.0 0 -0.3963602697958963 0.0 0.9180950585464036 -58.7493
0.9178201604443127 0.0 0.3969964144447355 55.7426 0.0 1.0 0.0 0 -0.3969964144447355 0.0 0.9178201604443127 -58.3593
0.9176851286159973 0.0 0.3973084503468817 56.6259 0.0 1.0 0.0 0 -0.3973084503468817 0.0 0.9176851286159973 -57.9647
0.9174867574552469 0.0 0.39776632574195747 57.5093 0.0 1.0 0.0 0 -0.39776632574195747 0.0 0.9174867574552469 -57.5665
0.9169828490948567 0.0 0.39892662792282907 58.3836 0.0 1.0 0.0 0 -0.39892662792282907 0.0 0.9169828490948567 -57.1775
0.9163666142941903 0.0 0.40034014063918527 59.2611 0.0 1.0 0.0 0 -0.40034014063918527 0.0 0.9163666142941903 -56.7818
0.9160372251485316 0.0 0.4010932586596022 60.1299 0.0 1.0 0.0 0 -0.4010932586596022 0.0 0.9160372251485316 -56.3922
0.9157968059634305 0.0 0.40164189296832437 61.0023 0.0 1.0 0.0 0 -0.40164189296832437 0.0 0.9157968059634305 -56.007
0.915276314777507 0.0 0.4028265974427531 61.868 0.0 1.0 0.0 0 -0.4028265974427531 0.0 0.915276314777507 -55.6286
0.9146738747932699 0.0 0.40419265551301853 62.7115 0.0 1.0 0.0 0 -0.40419265551301853 0.0 0.9146738747932699 -55.2542
0.9142501838234441 0.0 0.4051500973451674 63.5532 0.0 1.0 0.0 0 -0.4051500973451674 0.0 0.9142501838234441 -54.8823
0.9138019348958761 0.0 0.40616009624352933 64.3878 0.0 1.0 0.0 0 -0.40616009624352933 0.0 0.9138019348958761 -54.517
0.9131965572513423 0.0 0.40751938337249166 65.2154 0.0 1.0 0.0 0 -0.40751938337249166 0.0 0.9131965572513423 -54.1497
0.9127297576119139 0.0 0.40856381333850034 66.0512 0.0 1.0 0.0 0 -0.40856381333850034 0.0 0.9127297576119139 -53.7788
0.9121749061164041 0.0 0.409801098890095 66.8354 0.0 1.0 0.0 0 -0.409801098890095 0.0 0.9121749061164041 -53.4242
0.9114255004702331 0.0 0.4114651347229619 67.6294 0.0 1.0 0.0 0 -0.4114651347229619 0.0 0.9114255004702331 -53.0661
0.9108299820180205 0.0 0.4127817145381473 68.4125 0.0 1.0 0.0 0 -0.4127817145381473 0.0 0.9108299820180205 -52.7128
0.9102727248990616 0.0 0.41400913794847244 69.1775 0.0 1.0 0.0 0 -0.41400913794847244 0.0 0.9102727248990616 -52.367
0.909648610486621 0.0 0.4153786290118444 69.9241 0.0 1.0 0.0 0 -0.4153786290118444 0.0 0.909648610486621 -52.0225
0.9090482722756802 0.0 0.4166908190404497 70.6575 0.0 1.0 0.0 0 -0.4166908190404497 0.0 0.9090482722756802 -51.6889
0.9084677760833366 0.0 0.41795490165590415 71.3748 0.0 1.0 0.0 0 -0.41795490165590415 0.0 0.9084677760833366 -51.3641
0.9076590119407211 0.0 0.4197083726145976 72.0855 0.0 1.0 0.0 0 -0.4197083726145976 0.0 0.9076590119407211 -51.0398
0.9070953670688768 0.0 0.4209251656080682 72.774 0.0 1.0 0.0 0 -0.4209251656080682 0.0 0.9070953670688768 -50.7258
0.9064549354901649 0.0 0.4223025573277068 73.4455 0.0 1.0 0.0 0 -0.4223025573277068 0.0 0.9064549354901649 -50.4101
0.9058479982312106 0.0 0.4236028849057908 74.0896 0.0 1.0 0.0 0 -0.4236028849057908 0.0 0.9058479982312106 -50.1125
0.9056301466972502 0.0 0.4240684347992871 74.7182 0.0 1.0 0.0 0 -0.4240684347992871 0.0 0.9056301466972502 -49.8214
0.9051252892929746 0.0 0.4251449290328052 75.3312 0.0 1.0 0.0 0 -0.4251449290328052 0.0 0.9051252892929746 -49.5398
0.9045607515523596 0.0 0.42634475105368713 75.9192 0.0 1.0 0.0 0 -0.42634475105368713 0.0 0.9045607515523596 -49.271
0.9041117364165251 0.0 0.42729611287009844 76.4932 0.0 1.0 0.0 0 -0.42729611287009844 0.0 0.9041117364165251 -49.0011
0.9040095868246382 0.0 0.42751218336925434 77.0408 0.0 1.0 0.0 0 -0.42751218336925434 0.0 0.9040095868246382 -48.7286
0.9043542947515164 0.0 0.4267825085034383 77.5745 0.0 1.0 0.0 0 -0.4267825085034383 0.0 0.9043542947515164 -48.4672
0.9055542239391786 0.0 0.424230535800892 78.1025 0.0 1.0 0.0 0 -0.424230535800892 0.0 0.9055542239391786 -48.2214
0.9072527296367092 0.0 0.42058588251002943 78.6287 0.0 1.0 0.0 0 -0.42058588251002943 0.0 0.9072527296367092 -47.983
0.9090195184451999 0.0 0.4167535423792544 79.1335 0.0 1.0 0.0 0 -0.4167535423792544 0.0 0.9090195184451999 -47.7386
0.911227068409969 0.0 0.4119043940005662 79.6157 0.0 1.0 0.0 0 -0.4119043940005662 0.0 0.911227068409969 -47.5002
0.9145428683657729 0.0 0.4044889886280027 80.0909 0.0 1.0 0.0 0 -0.4044889886280027 0.0 0.9145428683657729 -47.2699
0.9188026774999609 0.0 0.39471716433276993 80.5604 0.0 1.0 0.0 0 -0.39471716433276993 0.0 0.9188026774999609 -47.0555
0.9246118506560743 0.0 0.3809106530754283 81.0175 0.0 1.0 0.0 0 -0.3809106530754283 0.0 0.9246118506560743 -46.8515
0.9312441359208214 0.0 0.36439588267855405 81.462 0.0 1.0 0.0 0 -0.36439588267855405 0.0 0.9312441359208214 -46.6566
0.9390424105390989 0.0 0.34380132519947987 81.8994 0.0 1.0 0.0 0 -0.34380132519947987 0.0 0.9390424105390989 -46.4607
0.9477030803114546 0.0 0.319153366844501 82.3294 0.0 1.0 0.0 0 -0.319153366844501 0.0 0.9477030803114546 -46.2663
0.9567081834399519 0.0 0.29104888204394 82.7542 0.0 1.0 0.0 0 -0.29104888204394 0.0 0.9567081834399519 -46.0889
0.9656835090188615 0.0 0.2597216979942542 83.1778 0.0 1.0 0.0 0 -0.2597216979942542 0.0 0.9656835090188615 -45.9173
0.9747820579041442 0.0 0.22315900068821257 83.5999 0.0 1.0 0.0 0 -0.22315900068821257 0.0 0.9747820579041442 -45.7642
0.9832894365504885 0.0 0.18204912515094043 84.0218 0.0 1.0 0.0 0 -0.18204912515094043 0.0 0.9832894365504885 -45.6231
0.9905672411056734 0.0 0.1370275185803738 84.4369 0.0 1.0 0.0 0 -0.1370275185803738 0.0 0.9905672411056734 -45.4974
0.9961862883861171 0.0 0.08725181276908775 84.8445 0.0 1.0 0.0 0 -0.08725181276908775 0.0 0.9961862883861171 -45.3906
0.9994697258436166 0.0 0.03256174322860769 85.2488 0.0 1.0 0.0 0 -0.03256174322860769 0.0 0.9994697258436166 -45.2955
0.9996478985576313 -0.0 -0.0265344852844702 85.6521 0.0 1.0 -0.0 0 0.0265344852844702 0.0 0.9996478985576313 -45.2241
0.9961165467640982 -0.0 -0.08804445049387305 86.0579 0.0 1.0 -0.0 0 0.08804445049387305 0.0 0.9961165467640982 -45.1705
0.9883326363324337 -0.0 -0.15231086619207868 86.4511 0.0 1.0 -0.0 0 0.15231086619207868 0.0 0.9883326363324337 -45.1435
0.9761510245278522 -0.0 -0.217092554716242 86.8444 0.0 1.0 -0.0 0 0.217092554716242 0.0 0.9761510245278522 -45.1322
0.9597187078462736 -0.0 -0.280962634188034 87.2308 0.0 1.0 -0.0 0 0.280962634188034 0.0 0.9597187078462736 -45.153
0.9395286341075716 -0.0 -0.3424703573916447 87.6174 0.0 1.0 -0.0 0 0.3424703573916447 0.0 0.9395286341075716 -45.1964
0.9155154322911049 -0.0 -0.40228285227788596 87.9963 0.0 1.0 -0.0 0 0.40228285227788596 0.0 0.9155154322911049 -45.2676
0.8880413350744962 -0.0 -0.4597636210044312 88.3668 0.0 1.0 -0.0 0 0.4597636210044312 0.0 0.8880413350744962 -45.3608
0.8580036541096187 -0.0 -0.5136435821993124 88.7264 0.0 1.0 -0.0 0 0.5136435821993124 0.0 0.8580036541096187 -45.4701
0.8263416231685634 -0.0 -0.5631691769079198 89.0849 0.0 1.0 -0.0 0 0.5631691769079198 0.0 0.8263416231685634 -45.5994
0.7931618270134517 -0.0 -0.6090109327168793 89.4185 0.0 1.0 -0.0 0 0.6090109327168793 0.0 0.7931618270134517 -45.7587
0.75842249325159 -0.0 -0.651763240548316 89.7392 0.0 1.0 -0.0 0 0.651763240548316 0.0 0.75842249325159 -45.9406
0.7237514410134442 -0.0 -0.6900607593762762 90.0462 0.0 1.0 -0.0 0 0.6900607593762762 0.0 0.7237514410134442 -46.1416
0.69063254396177 -0.0 -0.723205841528464 90.3546 0.0 1.0 -0.0 0 0.723205841528464 0.0 0.69063254396177 -46.3552
0.6590224708186926 -0.0 -0.7521232498440834 90.6565 0.0 1.0 -0.0 0 0.7521232498440834 0.0 0.6590224708186926 -46.5748
0.6302019829077621 -0.0 -0.7764312337477961 90.9402 0.0 1.0 -0.0 0 0.7764312337477961 0.0 0.6302019829077621 -46.8242
0.6026544583755681 -0.0 -0.7980022580168873 91.1945 0.0 1.0 -0.0 0 0.7980022580168873 0.0 0.6026544583755681 -47.0909
0.5766679813682039 -0.0 -0.816978603921009 91.4363 0.0 1.0 -0.0 0 0.816978603921009 0.0 0.5766679813682039 -47.3856
0.552580603447401 -0.0 -0.8334594631376537 91.6774 0.0 1.0 -0.0 0 0.8334594631376537 0.0 0.552580603447401 -47.6958
0.5306322565114527 -0.0 -0.8476021521619467 91.9237 0.0 1.0 -0.0 0 0.8476021521619467 0.0 0.5306322565114527 -48.0084
0.510224949573896 -0.0 -0.8600409878792494 92.1696 0.0 1.0 -0.0 0 0.8600409878792494 0.0 0.510224949573896 -48.332
0.492575166380008 -0.0 -0.870269903803244 92.4117 0.0 1.0 -0.0 0 0.870269903803244 0.0 0.492575166380008 -48.6723
0.4748524153718515 -0.0 -0.8800654428027035 92.6367 0.0 1.0 -0.0 0 0.8800654428027035 0.0 0.4748524153718515 -49.0329
0.4593971110021414 -0.0 -0.888230991579829 92.8599 0.0 1.0 -0.0 0 0.888230991579829 0.0 0.4593971110021414 -49.4179
0.4456196596060453 -0.0 -0.8952223852052585 93.0819 0.0 1.0 -0.0 0 0.8952223852052585 0.0 0.4456196596060453 -49.8211
0.43268270172647805 -0.0 -0.9015462714839853 93.3064 0.0 1.0 -0.0 0 0.9015462714839853 0.0 0.43268270172647805 -50.2374
0.42066329394644475 -0.0 -0.9072168390887192 93.5311 0.0 1.0 -0.0 0 0.9072168390887192 0.0 0.42066329394644475 -50.6691
0.40988349105386823 -0.0 -0.9121378863754611 93.7443 0.0 1.0 -0.0 0 0.9121378863754611 0.0 0.40988349105386823 -51.1165
0.40041191547089905 -0.0 -0.9163352541231432 93.9574 0.0 1.0 -0.0 0 0.9163352541231432 0.0 0.40041191547089905 -51.5853
0.39280182432796973 -0.0 -0.9196231439044034 94.161 0.0 1.0 -0.0 0 0.9196231439044034 0.0 0.39280182432796973 -52.066
0.38721250977338606 -0.0 -0.9219904946771391 94.3673 0.0 1.0 -0.0 0 0.9219904946771391 0.0 0.38721250977338606 -52.5689
0.38180302805423294 -0.0 -0.9242437166508727 94.5814 0.0 1.0 -0.0 0 0.9242437166508727 0.0 0.38180302805423294 -53.0948
0.375843022315954 -0.0 -0.9266833453647526 94.8038 0.0 1.0 -0.0 0 0.9266833453647526 0.0 0.375843022315954 -53.6374
0.3713349203644628 -0.0 -0.9284989913392033 95.0344 0.0 1.0 -0.0 0 0.9284989913392033 0.0 0.3713349203644628 -54.2029
0.36839901443543366 -0.0 -0.9296677719287687 95.2686 0.0 1.0 -0.0 0 0.9296677719287687 0.0 0.36839901443543366 -54.7865
0.3651894745524037 -0.0 -0.9309332133274327 95.5051 0.0 1.0 -0.0 0 0.9309332133274327 0.0 0.3651894745524037 -55.3904
0.3626373498921708 -0.0 -0.9319303367007554 95.7436 0.0 1.0 -0.0 0 0.9319303367007554 0.0 0.3626373498921708 -56.0034
0.3615280962878932 -0.0 -0.93236121519208 95.9874 0.0 1.0 -0.0 0 0.93236121519208 0.0 0.3615280962878932 -56.6312
0.36222726545395845 -0.0 -0.9320898069187044 96.2376 0.0 1.0 -0.0 0 0.9320898069187044 0.0 0.36222726545395845 -57.2784
0.36401620912661403 -0.0 -0.9313926129689291 96.4876 0.0 1.0 -0.0 0 0.9313926129689291 0.0 0.36401620912661403 -57.9422
0.36730175023977263 -0.0 -0.930101835430293 96.7437 0.0 1.0 -0.0 0 0.930101835430293 0.0 0.36730175023977263 -58.6174
0.3712513539514487 -0.0 -0.9285324077215701 97.0131 0.0 1.0 -0.0 0 0.9285324077215701 0.0 0.3712513539514487 -59.3163
0.3749254217720448 -0.0 -0.927054975774929 97.2859 0.0 1.0 -0.0 0 0.927054975774929 0.0 0.3749254217720448 -60.0269
0.3784455152434809 -0.0 -0.9256235692721401 97.5567 0.0 1.0 -0.0 0 0.9256235692721401 0.0 0.3784455152434809 -60.7495
0.38195090216118743 -0.0 -0.9241826163363251 97.8307 0.0 1.0 -0.0 0 0.9241826163363251 0.0 0.38195090216118743 -61.4859
0.38547848438270127 -0.0 -0.9227168244255739 98.1191 0.0 1.0 -0.0 0 0.9227168244255739 0.0 0.38547848438270127 -62.2333
0.3886871983035508 -0.0 -0.9213697747782571 98.4006 0.0 1.0 -0.0 0 0.9213697747782571 0.0 0.3886871983035508 -62.9795
0.3912471010140668 -0.0 -0.9202856654040031 98.6903 0.0 1.0 -0.0 0 0.9202856654040031 0.0 0.3912471010140668 -63.7333
0.392470734549757 -0.0 -0.9197644929665278 98.9783 0.0 1.0 -0.0 0 0.9197644929665278 0.0 0.392470734549757 -64.4822
0.39209359813104105 -0.0 -0.9199253286569805 99.281 0.0 1.0 -0.0 0 0.9199253286569805 0.0 0.39209359813104105 -65.2437
0.3920200028501277 -0.0 -0.9199566932010365 99.5767 0.0 1.0 -0.0 0 0.9199566932010365 0.0 0.3920200028501277 -65.9984
0.39185440429552176 -0.0 -0.92002724189787 99.8772 0.0 1.0 -0.0 0 0.92002724189787 0.0 0.39185440429552176 -66.7718
0.39144035237538266 -0.0 -0.9202034832210951 100.201 0.0 1.0 -0.0 0 0.9202034832210951 0.0 0.39144035237538266 -67.5508
0.39138513946182973 -0.0 -0.9202269679858575 100.506 0.0 1.0 -0.0 0 0.9202269679858575 0.0 0.39138513946182973 -68.3134
0.3911642737197416 -0.0 -0.9203208739158898 100.813 0.0 1.0 -0.0 0 0.9203208739158898 0.0 0.3911642737197416 -69.0774
0.3910446287011313 -0.0 -0.9203717174946188 101.121 0.0 1.0 -0.0 0 0.9203717174946188 0.0 0.3910446287011313 -69.8352
0.3896544221255027 -0.0 -0.920961145389989 101.426 0.0 1.0 -0.0 0 0.920961145389989 0.0 0.3896544221255027 -70.5914
0.38708342730987033 -0.0 -0.9220446953928233 101.741 0.0 1.0 -0.0 0 0.9220446953928233 0.0 0.38708342730987033 -71.3484
0.38372462768265647 -0.0 -0.9234475676018681 102.064 0.0 1.0 -0.0 0 0.9234475676018681 0.0 0.38372462768265647 -72.0979
0.37909335896990903 -0.0 -0.9253584306553391 102.378 0.0 1.0 -0.0 0 0.9253584306553391 0.0 0.37909335896990903 -72.8567
0.37334888730522653 -0.0 -0.927691009090823 102.694 0.0 1.0 -0.0 0 0.927691009090823 0.0 0.37334888730522653 -73.6154
0.36627841620959045 -0.0 -0.9305053045625232 103.0 0.0 1.0 -0.0 0 0.9305053045625232 0.0 0.36627841620959045 -74.367
0.3582159428495647 -0.0 -0.9336387622032396 103.299 0.0 1.0 -0.0 0 0.9336387622032396 0.0 0.3582159428495647 -75.1252
0.34887117190968886 -0.0 -0.9371706917154208 103.594 0.0 1.0 -0.0 0 0.9371706917154208 0.0 0.34887117190968886 -75.8825
0.33932226874607396 -0.0 -0.9406701855236071 103.881 0.0 1.0 -0.0 0 0.9406701855236071 0.0 0.33932226874607396 -76.6316
0.3291623246873707 -0.0 -0.9442733523754686 104.155 0.0 1.0 -0.0 0 0.9442733523754686 0.0 0.3291623246873707 -77.3792
0.31837645289631167 -0.0 -0.9479643633814315 104.419 0.0 1.0 -0.0 0 0.9479643633814315 0.0 0.31837645289631167 -78.1286
0.3079583357406618 -0.0 -0.9513998441495782 104.673 0.0 1.0 -0.0 0 0.9513998441495782 0.0 0.3079583357406618 -78.8652
0.2973217566461235 -0.0 -0.9547773421195456 104.923 0.0 1.0 -0.0 0 0.9547773421195456 0.0 0.2973217566461235 -79.6167
0.287452796774764 -0.0 -0.9577948055958366 105.159 0.0 1.0 -0.0 0 0.9577948055958366 0.0 0.287452796774764 -80.3532
0.2776012579285343 -0.0 -0.9606963836699375 105.386 0.0 1.0 -0.0 0 0.9606963836699375 0.0 0.2776012579285343 -81.0919
0.2679324027091352 -0.0 -0.96343771338811 105.598 0.0 1.0 -0.0 0 0.96343771338811 0.0 0.2679324027091352 -81.8486
0.25813987641055425 -0.0 -0.9661075531258121 105.807 0.0 1.0 -0.0 0 0.9661075531258121 0.0 0.25813987641055425 -82.5762
0.2488728621371219 -0.0 -0.9685361627175709 106.006 0.0 1.0 -0.0 0 0.9685361627175709 0.0 0.2488728621371219 -83.2995
0.24038875175005447 -0.0 -0.9706766959353926 106.201 0.0 1.0 -0.0 0 0.9706766959353926 0.0 0.24038875175005447 -84.0189
0.23262545428996295 -0.0 -0.9725663977417626 106.382 0.0 1.0 -0.0 0 0.9725663977417626 0.0 0.23262545428996295 -84.7381
0.22748708496461756 -0.0 -0.9737810976673871 106.561 0.0 1.0 -0.0 0 0.9737810976673871 0.0 0.22748708496461756 -85.4369
0.2236486316593882 -0.0 -0.9746698361788383 106.733 0.0 1.0 -0.0 0 0.9746698361788383 0.0 0.2236486316593882 -86.1341
0.22087967111605733 -0.0 -0.9753010667930505 106.896 0.0 1.0 -0.0 0 0.9753010667930505 0.0 0.22087967111605733 -86.8253
0.21916280002634214 -0.0 -0.9756883042676148 107.05 0.0 1.0 -0.0 0 0.9756883042676148 0.0 0.21916280002634214 -87.4994
0.2181186882802526 -0.0 -0.9759222498861794 107.193 0.0 1.0 -0.0 0 0.9759222498861794 0.0 0.2181186882802526 -88.1587
0.218987172582085 -0.0 -0.975727737765256 107.338 0.0 1.0 -0.0 0 0.975727737765256 0.0 0.218987172582085 -88.805
0.22165008995318225 -0.0 -0.9751262675283372 107.473 0.0 1.0 -0.0 0 0.9751262675283372 0.0 0.22165008995318225 -89.4392
0.226328124659678 -0.0 -0.9740511177489779 107.601 0.0 1.0 -0.0 0 0.9740511177489779 0.0 0.226328124659678 -90.0516
0.23431736681979298 -0.0 -0.9721601573849026 107.728 0.0 1.0 -0.0 0 0.9721601573849026 0.0 0.23431736681979298 -90.6398
0.24486100109007625 -0.0 -0.9695581932742179 107.844 0.0 1.0 -0.0 0 0.9695581932742179 0.0 0.24486100109007625 -91.2098
0.25792732650359607 -0.0 -0.9661643205183615 107.962 0.0 1.0 -0.0 0 0.9661643205183615 0.0 0.25792732650359607 -91.7595
0.2744871500191366 -0.0 -0.9615907676732197 108.079 0.0 1.0 -0.0 0 0.9615907676732197 0.0 0.2744871500191366 -92.2882
0.2947523329689622 -0.0 -0.9555736822502773 108.199 0.0 1.0 -0.0 0 0.9555736822502773 0.0 0.2947523329689622 -92.8047
0.31837645289631167 -0.0 -0.9479643633814315 108.327 0.0 1.0 -0.0 0 0.9479643633814315 0.0 0.31837645289631167 -93.3117
0.344960148212636 -0.0 -0.9386173321141669 108.46 0.0 1.0 -0.0 0 0.9386173321141669 0.0 0.344960148212636 -93.8216
0.3761302760891587 -0.0 -0.9265667895025665 108.604 0.0 1.0 -0.0 0 0.9265667895025665 0.0 0.3761302760891587 -94.3198
0.41070424903797875 -0.0 -0.9117686218674944 108.754 0.0 1.0 -0.0 0 0.9117686218674944 0.0 0.41070424903797875 -94.8124
0.4488127570465841 -0.0 -0.8936258216458632 108.921 0.0 1.0 -0.0 0 0.8936258216458632 0.0 0.4488127570465841 -95.2957
0.4892558709375575 -0.0 -0.872140294191899 109.101 0.0 1.0 -0.0 0 0.872140294191899 0.0 0.4892558709375575 -95.7691
0.5316574664160095 -0.0 -0.8469594668011626 109.299 0.0 1.0 -0.0 0 0.8469594668011626 0.0 0.5316574664160095 -96.236
0.5756185057655111 -0.0 -0.8177183719473841 109.512 0.0 1.0 -0.0 0 0.8177183719473841 0.0 0.5756185057655111 -96.6908
0.6216225014216519 -0.0 -0.7833169637677256 109.744 0.0 1.0 -0.0 0 0.7833169637677256 0.0 0.6216225014216519 -97.1255
0.6689938868269301 -0.0 -0.7432679055281458 109.995 0.0 1.0 -0.0 0 0.7432679055281458 0.0 0.6689938868269301 -97.5398
0.7166397254043058 -0.0 -0.6974435489503371 110.268 0.0 1.0 -0.0 0 0.6974435489503371 0.0 0.7166397254043058 -97.9317
0.7622572628587351 -0.0 -0.647274180868594 110.564 0.0 1.0 -0.0 0 0.647274180868594 0.0 0.7622572628587351 -98.3078
0.8048586938711612 -0.0 -0.5934664968639835 110.869 0.0 1.0 -0.0 0 0.5934664968639835 0.0 0.8048586938711612 -98.6663
0.8443872243789983 -0.0 -0.5357333434699871 111.204 0.0 1.0 -0.0 0 0.5357333434699871 0.0 0.8443872243789983 -98.9975
0.8795831698223207 -0.0 -0.4757451495972593 111.563 0.0 1.0 -0.0 0 0.4757451495972593 0.0 0.8795831698223207 -99.3057
0.9101621520143268 -0.0 -0.41425216600598413 111.944 0.0 1.0 -0.0 0 0.41425216600598413 0.0 0.9101621520143268 -99.5879
0.9362528458946404 -0.0 -0.3513269254614379 112.337 0.0 1.0 -0.0 0 0.3513269254614379 0.0 0.9362528458946404 -99.8442
0.9577969116778127 -0.0 -0.28744577920095515 112.751 0.0 1.0 -0.0 0 0.28744577920095515 0.0 0.9577969116778127 -100.077
0.9745162571973641 -0.0 -0.22431688402356378 113.18 0.0 1.0 -0.0 0 0.22431688402356378 0.0 0.9745162571973641 -100.283
0.9864354322541895 -0.0 -0.16414974259343332 113.619 0.0 1.0 -0.0 0 0.16414974259343332 0.0 0.9864354322541895 -100.458
0.9941143398774196 -0.0 -0.10833595548146654 114.071 0.0 1.0 -0.0 0 0.10833595548146654 0.0 0.9941143398774196 -100.607
0.9982779018981747 -0.0 -0.05866200287902243 114.534 0.0 1.0 -0.0 0 0.05866200287902243 0.0 0.9982779018981747 -100.724
0.9998698821098755 -0.0 -0.01613130030666253 115.0 0.0 1.0 -0.0 0 0.01613130030666253 0.0 0.9998698821098755 -100.819
0.999778604245329 0.0 0.021041447033455937 115.485 0.0 1.0 0.0 0 -0.021041447033455937 0.0 0.999778604245329 -100.878
0.9985935816935586 0.0 0.05301753106690356 115.971 0.0 1.0 0.0 0 -0.05301753106690356 0.0 0.9985935816935586 -100.907
0.997148346523226 0.0 0.07546638341670017 116.45 0.0 1.0 0.0 0 -0.07546638341670017 0.0 0.997148346523226 -100.906
0.9958146564058918 0.0 0.09139567871193688 116.948 0.0 1.0 0.0 0 -0.09139567871193688 0.0 0.9958146564058918 -100.887
0.9945748420269085 0.0 0.10402347623084854 117.45 0.0 1.0 0.0 0 -0.10402347623084854 0.0 0.9945748420269085 -100.871
0.9934976539949679 0.0 0.11385258673607282 117.959 0.0 1.0 0.0 0 -0.11385258673607282 0.0 0.9934976539949679 -100.84
0.9927959407823185 0.0 0.11981744433157965 118.474 0.0 1.0 0.0 0 -0.11981744433157965 0.0 0.9927959407823185 -100.801
0.992460850899124 0.0 0.12256206359468208 119.0 0.0 1.0 0.0 0 -0.12256206359468208 0.0 0.992460850899124 -100.752
0.9924042443304237 0.0 0.12301957500723505 119.545 0.0 1.0 0.0 0 -0.12301957500723505 0.0 0.9924042443304237 -100.695
0.9927337421534443 0.0 0.12033169653095882 120.101 0.0 1.0 0.0 0 -0.12033169653095882 0.0 0.9927337421534443 -100.623
0.9932107324735409 0.0 0.11632902002240213 120.656 0.0 1.0 0.0 0 -0.11632902002240213 0.0 0.9932107324735409 -100.541
0.9937346653553556 0.0 0.11176499841667571 121.224 0.0 1.0 0.0 0 -0.11176499841667571 0.0 0.9937346653553556 -100.47
0.9942296902469658 0.0 0.10727219132385803 121.815 0.0 1.0 0.0 0 -0.10727219132385803 0.0 0.9942296902469658 -100.406
0.99480759848787 0.0 0.10177348373125869 122.424 0.0 1.0 0.0 0 -0.10177348373125869 0.0 0.99480759848787 -100.346
0.9952635287283729 0.0 0.09721372528170802 123.041 0.0 1.0 0.0 0 -0.09721372528170802 0.0 0.9952635287283729 -100.271
0.9956327867353523 0.0 0.09335606020819673 123.672 0.0 1.0 0.0 0 -0.09335606020819673 0.0 0.9956327867353523 -100.205
0.9959828312123407 0.0 0.0895444020039781 124.319 0.0 1.0 0.0 0 -0.0895444020039781 0.0 0.9959828312123407 -100.143
0.9962523639554841 0.0 0.08649408831307281 124.977 0.0 1.0 0.0 0 -0.08649408831307281 0.0 0.9962523639554841 -100.077
0.9963067176275001 0.0 0.08586573478586663 125.633 0.0 1.0 0.0 0 -0.08586573478586663 0.0 0.9963067176275001 -100.019
0.9963102458677132 0.0 0.08582478650726105 126.304 0.0 1.0 0.0 0 -0.08582478650726105 0.0 0.9963102458677132 -99.9632
0.9962772587981006 0.0 0.0862068651659635 126.985 0.0 1.0 0.0 0 -0.0862068651659635 0.0 0.9962772587981006 -99.9127
0.9960583623985292 0.0 0.0887002744976605 127.673 0.0 1.0 0.0 0 -0.0887002744976605 0.0 0.9960583623985292 -99.8677
0.9958082379755443 0.0 0.09146558467555838 128.396 0.0 1.0 0.0 0 -0.09146558467555838 0.0 0.9958082379755443 -99.8012
0.9956752814539519 0.0 0.09290174326455658 129.121 0.0 1.0 0.0 0 -0.09290174326455658 0.0 0.9956752814539519 -99.7379
0.9954403164859903 0.0 0.09538645770900346 129.852 0.0 1.0 0.0 0 -0.09538645770900346 0.0 0.9954403164859903 -99.6815
0.9952954969336859 0.0 0.09688588020721711 130.597 0.0 1.0 0.0 0 -0.09688588020721711 0.0 0.9952954969336859 -99.6242
0.9950944829789672 0.0 0.09892911575882038 131.343 0.0 1.0 0.0 0 -0.09892911575882038 0.0 0.9950944829789672 -99.5653
0.9947327312813974 0.0 0.10250265029476689 132.106 0.0 1.0 0.0 0 -0.10250265029476689 0.0 0.9947327312813974 -99.4999
0.9943464510359814 0.0 0.10618444006608792 132.873 0.0 1.0 0.0 0 -0.10618444006608792 0.0 0.9943464510359814 -99.4287
0.9939051640685397 0.0 0.11023849072755454 133.651 0.0 1.0 0.0 0 -0.11023849072755454 0.0 0.9939051640685397 -99.3467
0.9935036867866947 0.0 0.11379993120052977 134.45 0.0 1.0 0.0 0 -0.11379993120052977 0.0 0.9935036867866947 -99.2588
0.9933090223598131 0.0 0.11548673559587862 135.254 0.0 1.0 0.0 0 -0.11548673559587862 0.0 0.9933090223598131 -99.1735
0.9931633043015177 0.0 0.11673324714446584 136.065 0.0 1.0 0.0 0 -0.11673324714446584 0.0 0.9931633043015177 -99.079
0.9931137201327497 0.0 0.11715433787995441 136.876 0.0 1.0 0.0 0 -0.11715433787995441 0.0 0.9931137201327497 -98.9753
0.9930345325411414 0.0 0.11782366986644395 137.708 0.0 1.0 0.0 0 -0.11782366986644395 0.0 0.9930345325411414 -98.8867
0.993094728098458 0.0 0.11731522076461298 138.539 0.0 1.0 0.0 0 -0.11731522076461298 0.0 0.993094728098458 -98.8006
0.9931801035919313 0.0 0.11659023041885039 139.376 0.0 1.0 0.0 0 -0.11659023041885039 0.0 0.9931801035919313 -98.7127
0.9933281794720222 0.0 0.11532184470774795 140.23 0.0 1.0 0.0 0 -0.11532184470774795 0.0 0.9933281794720222 -98.628
0.9936702362080498 0.0 0.11233637734161786 141.084 0.0 1.0 0.0 0 -0.11233637734161786 0.0 0.9936702362080498 -98.542
0.9940104257271303 0.0 0.10928528512919375 141.921 0.0 1.0 0.0 0 -0.10928528512919375 0.0 0.9940104257271303 -98.4582
0.9943230663961713 0.0 0.10640319371388778 142.787 0.0 1.0 0.0 0 -0.10640319371388778 0.0 0.9943230663961713 -98.3739
0.9945126673943021 0.0 0.1046162243262022 143.639 0.0 1.0 0.0 0 -0.1046162243262022 0.0 0.9945126673943021 -98.2846
0.994670741340134 0.0 0.10310245545993683 144.497 0.0 1.0 0.0 0 -0.10310245545993683 0.0 0.994670741340134 -98.1874
0.9946910332226399 0.0 0.1029065033245087 145.348 0.0 1.0 0.0 0 -0.1029065033245087 0.0 0.9946910332226399 -98.0886
0.9948098372637685 0.0 0.10175159793946456 146.212 0.0 1.0 0.0 0 -0.10175159793946456 0.0 0.9948098372637685 -97.9963
0.9950164871169241 0.0 0.09971053287138659 147.082 0.0 1.0 0.0 0 -0.09971053287138659 0.0 0.9950164871169241 -97.9154
0.9951267894573818 0.0 0.09860361506681116 147.947 0.0 1.0 0.0 0 -0.09860361506681116 0.0 0.9951267894573818 -97.8347
0.9952265156556289 0.0 0.09759191839469192 148.795 0.0 1.0 0.0 0 -0.09759191839469192 0.0 0.9952265156556289 -97.7639
0.995349067139634 0.0 0.09633397398768653 149.637 0.0 1.0 0.0 0 -0.09633397398768653 0.0 0.995349067139634 -97.6839
0.9953871661309052 0.0 0.0959395095979013 150.459 0.0 1.0 0.0 0 -0.0959395095979013 0.0 0.9953871661309052 -97.5965
0.9953963333994079 0.0 0.09584435014655131 151.288 0.0 1.0 0.0 0 -0.09584435014655131 0.0 0.9953963333994079 -97.5134
0.9953035640743748 0.0 0.09680297175627815 152.126 0.0 1.0 0.0 0 -0.09680297175627815 0.0 0.9953035640743748 -97.4358
0.9951658075666715 0.0 0.0982090395542818 152.983 0.0 1.0 0.0 0 -0.0982090395542818 0.0 0.9951658075666715 -97.356
0.9950145325993572 0.0 0.09973003517538041 153.832 0.0 1.0 0.0 0 -0.09973003517538041 0.0 0.9950145325993572 -97.2709
0.9949828781892689 0.0 0.10004535026775871 154.665 0.0 1.0 0.0 0 -0.10004535026775871 0.0 0.9949828781892689 -97.1983
0.9948249872089188 0.0 0.10160337014476711 155.481 0.0 1.0 0.0 0 -0.10160337014476711 0.0 0.9948249872089188 -97.1335
0.9947201159307871 0.0 0.10262500164502472 156.306 0.0 1.0 0.0 0 -0.10262500164502472 0.0 0.9947201159307871 -97.05
0.9944849091753543 0.0 0.10487976650663995 157.122 0.0 1.0 0.0 0 -0.10487976650663995 0.0 0.9944849091753543 -96.9609
0.9941981092545525 0.0 0.10756449021249018 157.959 0.0 1.0 0.0 0 -0.10756449021249018 0.0 0.9941981092545525 -96.8813
0.9938086582420395 0.0 0.11110513400899708 158.783 0.0 1.0 0.0 0 -0.11110513400899708 0.0 0.9938086582420395 -96.7955
0.9932138729950558 0.0 0.11630220329022668 159.592 0.0 1.0 0.0 0 -0.11630220329022668 0.0 0.9932138729950558 -96.7087
0.9928745657325564 0.0 0.11916415871136546 160.42 0.0 1.0 0.0 0 -0.11916415871136546 0.0 0.9928745657325564 -96.6303
0.9926436984800655 0.0 0.12107224235065896 161.237 0.0 1.0 0.0 0 -0.12107224235065896 0.0 0.9926436984800655 -96.5523
0.9924059665072181 0.0 0.12300568133575897 162.05 0.0 1.0 0.0 0 -0.12300568133575897 0.0 0.9924059665072181 -96.4606
0.9922363930876119 0.0 0.12436615388636121 162.863 0.0 1.0 0.0 0 -0.12436615388636121 0.0 0.9922363930876119 -96.3646
0.9920438185862014 0.0 0.12589305781061957 163.659 0.0 1.0 0.0 0 -0.12589305781061957 0.0 0.9920438185862014 -96.2712
0.991731376915896 0.0 0.12833111875340752 164.466 0.0 1.0 0.0 0 -0.12833111875340752 0.0 0.991731376915896 -96.1735
0.9911164712627085 0.0 0.1329967683508008 165.267 0.0 1.0 0.0 0 -0.1329967683508008 0.0 0.9911164712627085 -96.0642
0.9902210191231033 0.0 0.13950746677795658 166.067 0.0 1.0 0.0 0 -0.13950746677795658 0.0 0.9902210191231033 -95.9609
0.989292724857469 0.0 0.14594486816631877 166.866 0.0 1.0 0.0 0 -0.14594486816631877 0.0 0.989292724857469 -95.8617
0.9883309608531116 0.0 0.15232173784186331 167.654 0.0 1.0 0.0 0 -0.15232173784186331 0.0 0.9883309608531116 -95.7552
0.9878221406490445 0.0 0.1555873338146117 168.467 0.0 1.0 0.0 0 -0.1555873338146117 0.0 0.9878221406490445 -95.642
0.9871489391384545 0.0 0.15980291598661103 169.257 0.0 1.0 0.0 0 -0.15980291598661103 0.0 0.9871489391384545 -95.5341
0.986447412557031 0.0 0.16407773236956566 170.058 0.0 1.0 0.0 0 -0.16407773236956566 0.0 0.986447412557031 -95.4249
0.9852273110240405 0.0 0.17125170250931376 170.839 0.0 1.0 0.0 0 -0.17125170250931376 0.0 0.9852273110240405 -95.3031
0.9841514095369281 0.0 0.17733020923259954 171.627 0.0 1.0 0.0 0 -0.17733020923259954 0.0 0.9841514095369281 -95.172
0.982926868078717 0.0 0.18399666303757914 172.424 0.0 1.0 0.0 0 -0.18399666303757914 0.0 0.982926868078717 -95.04
0.9815469987249962 0.0 0.19122104825032277 173.237 0.0 1.0 0.0 0 -0.19122104825032277 0.0 0.9815469987249962 -94.9169
0.9800009635986445 0.0 0.19899274194233377 174.047 0.0 1.0 0.0 0 -0.19899274194233377 0.0 0.9800009635986445 -94.7822
0.9778970910103442 0.0 0.2090867747934017 174.839 0.0 1.0 0.0 0 -0.2090867747934017 0.0 0.9778970910103442 -94.6333
0.9760793308346734 0.0 0.21741467272780002 175.645 0.0 1.0 0.0 0 -0.21741467272780002 0.0 0.9760793308346734 -94.4683
0.9742903266240203 0.0 0.22529615941435846 176.461 0.0 1.0 0.0 0 -0.22529615941435846 0.0 0.9742903266240203 -94.3019
0.9724400149395088 0.0 0.2331532057348729 177.27 0.0 1.0 0.0 0 -0.2331532057348729 0.0 0.9724400149395088 -94.1318
0.970480776745797 0.0 0.24117848570482903 178.068 0.0 1.0 0.0 0 -0.24117848570482903 0.0 0.970480776745797 -93.9609
0.9685929618136173 0.0 0.24865171289400875 178.87 0.0 1.0 0.0 0 -0.24865171289400875 0.0 0.9685929618136173 -93.7766
0.9669455671783066 0.0 0.2549828820023475 179.672 0.0 1.0 0.0 0 -0.2549828820023475 0.0 0.9669455671783066 -93.581
0.9659199735738924 0.0 0.2588408867451411 180.476 0.0 1.0 0.0 0 -0.2588408867451411 0.0 0.9659199735738924 -93.3761
0.9647706748954217 0.0 0.2630922744244546 181.271 0.0 1.0 0.0 0 -0.2630922744244546 0.0 0.9647706748954217 -93.1799
0.963780231375863 0.0 0.26669770454409225 182.058 0.0 1.0 0.0 0 -0.26669770454409225 0.0 0.963780231375863 -92.981
0.9630326640522374 0.0 0.26938464686847013 182.853 0.0 1.0 0.0 0 -0.26938464686847013 0.0 0.9630326640522374 -92.7762
0.9620708278628051 0.0 0.27279978404569344 183.661 0.0 1.0 0.0 0 -0.27279978404569344 0.0 0.9620708278628051 -92.5571
0.9614468942639209 0.0 0.27499067167862407 184.467 0.0 1.0 0.0 0 -0.27499067167862407 0.0 0.9614468942639209 -92.3452
0.9604802101288453 0.0 0.2783482817458176 185.274 0.0 1.0 0.0 0 -0.2783482817458176 0.0 0.9604802101288453 -92.1278
0.9591359083018668 0.0 0.2829457711399006 186.051 0.0 1.0 0.0 0 -0.2829457711399006 0.0 0.9591359083018668 -91.9115
0.9575971936683332 0.0 0.2881104209821865 186.828 0.0 1.0 0.0 0 -0.2881104209821865 0.0 0.9575971936683332 -91.6731
0.955597061001527 0.0 0.29467652944414136 187.603 0.0 1.0 0.0 0 -0.29467652944414136 0.0 0.955597061001527 -91.4492
0.9535241889567804 0.0 0.30131647992486943 188.395 0.0 1.0 0.0 0 -0.30131647992486943 0.0 0.9535241889567804 -91.2186
0.9512631176526206 0.0 0.3083804160348325 189.192 0.0 1.0 0.0 0 -0.3083804160348325 0.0 0.9512631176526206 -90.9792
0.9489030221612271 0.0 0.315567828736216 189.985 0.0 1.0 0.0 0 -0.315567828736216 0.0 0.9489030221612271 -90.724
0.9469732693095477 0.0 0.3213123514793461 190.77 0.0 1.0 0.0 0 -0.3213123514793461 0.0 0.9469732693095477 -90.4572
0.9450208403176369 0.0 0.3270101089650709 191.573 0.0 1.0 0.0 0 -0.3270101089650709 0.0 0.9450208403176369 -90.1955
0.9429828829865775 0.0 0.33284122700519336 192.354 0.0 1.0 0.0 0 -0.33284122700519336 0.0 0.9429828829865775 -89.928
0.9404294807333755 0.0 0.3399888112387725 193.133 0.0 1.0 0.0 0 -0.3399888112387725 0.0 0.9404294807333755 -89.6503
0.9383677935804048 0.0 0.34563837167051176 193.916 0.0 1.0 0.0 0 -0.34563837167051176 0.0 0.9383677935804048 -89.3633
0.9362061111330034 0.0 0.35145144398226386 194.711 0.0 1.0 0.0 0 -0.35145144398226386 0.0 0.9362061111330034 -89.0907
0.9343659143823311 0.0 0.35631494220769133 195.51 0.0 1.0 0.0 0 -0.35631494220769133 0.0 0.9343659143823311 -88.8149
0.9325751943981546 0.0 0.3609757703686554 196.304 0.0 1.0 0.0 0 -0.3609757703686554 0.0 0.9325751943981546 -88.5258
0.9311654046867118 0.0 0.3645970229097218 197.087 0.0 1.0 0.0 0 -0.3645970229097218 0.0 0.9311654046867118 -88.2298
0.9305750003056529 0.0 0.3661013094843204 197.88 0.0 1.0 0.0 0 -0.3661013094843204 0.0 0.9305750003056529 -87.9324
0.9296155703299923 0.0 0.3685307197508006 198.668 0.0 1.0 0.0 0 -0.3685307197508006 0.0 0.9296155703299923 -87.648
0.9287792056648213 0.0 0.3706334943372275 199.453 0.0 1.0 0.0 0 -0.3706334943372275 0.0 0.9287792056648213 -87.3424
0.9277516013964875 0.0 0.3731982932788586 200.244 0.0 1.0 0.0 0 -0.3731982932788586 0.0 0.9277516013964875 -87.0169
0.9278638920534571 0.0 0.3729190231449859 201.05 0.0 1.0 0.0 0 -0.3729190231449859 0.0 0.9278638920534571 -86.6978
0.9278452449424778 0.0 0.37296541587342047 201.841 0.0 1.0 0.0 0 -0.37296541587342047 0.0 0.9278452449424778 -86.3858
0.927226342264665 0.0 0.37450141549864696 202.638 0.0 1.0 0.0 0 -0.37450141549864696 0.0 0.927226342264665 -86.0724
0.926494678387062 0.0 0.37630786720510445 203.428 0.0 1.0 0.0 0 -0.37630786720510445 0.0 0.926494678387062 -85.7571
0.9256759095715592 0.0 0.3783174730816257 204.215 0.0 1.0 0.0 0 -0.3783174730816257 0.0 0.9256759095715592 -85.426
0.9250678978083026 0.0 0.37980176993337966 205.0 0.0 1.0 0.0 0 -0.37980176993337966 0.0 0.9250678978083026 -85.098
0.9248291998964793 0.0 0.38038263764114943 205.795 0.0 1.0 0.0 0 -0.38038263764114943 0.0 0.9248291998964793 -84.7853
0.9243777972423021 0.0 0.3814782929151664 206.593 0.0 1.0 0.0 0 -0.3814782929151664 0.0 0.9243777972423021 -84.4714
0.9236766118474964 0.0 0.38317295928331047 207.381 0.0 1.0 0.0 0 -0.38317295928331047 0.0 0.9236766118474964 -84.1496
0.9233732331048715 0.0 0.3839034675350779 208.162 0.0 1.0 0.0 0 -0.3839034675350779 0.0 0.9233732331048715 -83.8286
0.9234622738587204 0.0 0.3836892346153092 208.942 0.0 1.0 0.0 0 -0.3836892346153092 0.0 0.9234622738587204 -83.5075
0.9234169920999965 0.0 0.38379820049212715 209.724 0.0 1.0 0.0 0 -0.38379820049212715 0.0 0.9234169920999965 -83.1999
0.9231704033725926 0.0 0.3843909550664332 210.5 0.0 1.0 0.0 0 -0.3843909550664332 0.0 0.9231704033725926 -82.8832
