0.9449678522796527 0.0 0.32716319804950605 7.44319 0.0 1.0 0.0 0 -0.32716319804950605 0.0 0.9449678522796527 -78.1967
0.9438705190262793 0.0 0.33031567221835256 8.09315 0.0 1.0 0.0 0 -0.33031567221835256 0.0 0.9438705190262793 -77.9741
0.9424625034617107 0.0 0.3343118747048704 8.75414 0.0 1.0 0.0 0 -0.3343118747048704 0.0 0.9424625034617107 -77.7508
0.9410382452785843 0.0 0.3383001935012794 9.42533 0.0 1.0 0.0 0 -0.3383001935012794 0.0 0.9410382452785843 -77.5176
0.9393432201621738 0.0 0.34297859224062066 10.1176 0.0 1.0 0.0 0 -0.34297859224062066 0.0 0.9393432201621738 -77.2796
0.937823985068663 0.0 0.3471111825192789 10.8169 0.0 1.0 0.0 0 -0.3471111825192789 0.0 0.937823985068663 -77.0309
0.9366348856799459 0.0 0.3503071379908133 11.5457 0.0 1.0 0.0 0 -0.3503071379908133 0.0 0.9366348856799459 -76.7729
0.9352498871043226 0.0 0.35398820414153903 12.2781 0.0 1.0 0.0 0 -0.35398820414153903 0.0 0.9352498871043226 -76.5119
0.9341280444889498 0.0 0.3569380849660773 13.0326 0.0 1.0 0.0 0 -0.3569380849660773 0.0 0.9341280444889498 -76.2395
0.9329151798534133 0.0 0.36009619159201534 13.7892 0.0 1.0 0.0 0 -0.36009619159201534 0.0 0.9329151798534133 -75.9582
0.9321692306444864 0.0 0.36202282447335604 14.5608 0.0 1.0 0.0 0 -0.36202282447335604 0.0 0.9321692306444864 -75.6718
0.931183633373893 0.0 0.36455046418376064 15.3179 0.0 1.0 0.0 0 -0.36455046418376064 0.0 0.931183633373893 -75.3769
0.9303874344710626 0.0 0.3665777158780306 16.0792 0.0 1.0 0.0 0 -0.3665777158780306 0.0 0.9303874344710626 -75.076
0.9298398331360765 0.0 0.3679645155629458 16.8437 0.0 1.0 0.0 0 -0.3679645155629458 0.0 0.9298398331360765 -74.7682
0.9290717162693555 0.0 0.3698996431848972 17.615 0.0 1.0 0.0 0 -0.3698996431848972 0.0 0.9290717162693555 -74.4603
0.9285299302644658 0.0 0.3712575502303842 18.398 0.0 1.0 0.0 0 -0.3712575502303842 0.0 0.9285299302644658 -74.1388
0.9277381656567494 0.0 0.37323169209466917 19.1883 0.0 1.0 0.0 0 -0.37323169209466917 0.0 0.9277381656567494 -73.8219
0.9271124509908326 0.0 0.37478327499739245 19.9814 0.0 1.0 0.0 0 -0.37478327499739245 0.0 0.9271124509908326 -73.4995
0.926417139308602 0.0 0.3764987171230021 20.788 0.0 1.0 0.0 0 -0.3764987171230021 0.0 0.926417139308602 -73.1757
0.9260398000202889 0.0 0.3774258718985537 21.6083 0.0 1.0 0.0 0 -0.3774258718985537 0.0 0.9260398000202889 -72.8409
0.92538054038188 0.0 0.3790393851337085 22.4337 0.0 1.0 0.0 0 -0.3790393851337085 0.0 0.92538054038188 -72.4955
0.9248227332580019 0.0 0.38039835968258157 23.2653 0.0 1.0 0.0 0 -0.38039835968258157 0.0 0.9248227332580019 -72.1592
0.9242858341302063 0.0 0.38170105688382483 24.1087 0.0 1.0 0.0 0 -0.38170105688382483 0.0 0.9242858341302063 -71.8076
0.9236467215468783 0.0 0.38324500489334934 24.9598 0.0 1.0 0.0 0 -0.38324500489334934 0.0 0.9236467215468783 -71.4586
0.9230723536655354 0.0 0.38462635101923115 25.804 0.0 1.0 0.0 0 -0.38462635101923115 0.0 0.9230723536655354 -71.1028
0.9227951834563847 0.0 0.3852908633613019 26.6643 0.0 1.0 0.0 0 -0.3852908633613019 0.0 0.9227951834563847 -70.7384
0.9227400774279924 0.0 0.3854228191326801 27.5189 0.0 1.0 0.0 0 -0.3854228191326801 0.0 0.9227400774279924 -70.38
0.9230623530684116 0.0 0.38465035077042004 28.3852 0.0 1.0 0.0 0 -0.38465035077042004 0.0 0.9230623530684116 -70.0229
0.9235995754244697 0.0 0.3833586105407563 29.2713 0.0 1.0 0.0 0 -0.3833586105407563 0.0 0.9235995754244697 -69.6573
0.9241865606156735 0.0 0.38194135829649567 30.1487 0.0 1.0 0.0 0 -0.38194135829649567 0.0 0.9241865606156735 -69.294
0.9247694684245575 0.0 0.3805278311369108 31.0297 0.0 1.0 0.0 0 -0.3805278311369108 0.0 0.9247694684245575 -68.9318
0.9251347285920142 0.0 0.3796389521018361 31.9108 0.0 1.0 0.0 0 -0.3796389521018361 0.0 0.9251347285920142 -68.5689
0.9255529075077136 0.0 0.37861829776704903 32.7984 0.0 1.0 0.0 0 -0.37861829776704903 0.0 0.9255529075077136 -68.2018
0.925751554552153 0.0 0.37813233033459626 33.6967 0.0 1.0 0.0 0 -0.37813233033459626 0.0 0.925751554552153 -67.827
0.9256104467967654 0.0 0.37847760935185104 34.6009 0.0 1.0 0.0 0 -0.37847760935185104 0.0 0.9256104467967654 -67.45
0.9252315064453083 0.0 0.3794030304055905 35.5012 0.0 1.0 0.0 0 -0.3794030304055905 0.0 0.9252315064453083 -67.0704
0.9248314821756582 0.0 0.3803770886591031 36.4209 0.0 1.0 0.0 0 -0.3803770886591031 0.0 0.9248314821756582 -66.6769
0.9241636424706536 0.0 0.3819968088026048 37.3422 0.0 1.0 0.0 0 -0.3819968088026048 0.0 0.9241636424706536 -66.2857
0.9236463383014116 0.0 0.38324592853987927 38.2731 0.0 1.0 0.0 0 -0.38324592853987927 0.0 0.9236463383014116 -65.8946
0.9227192632504143 0.0 0.3854726465348905 39.2087 0.0 1.0 0.0 0 -0.3854726465348905 0.0 0.9227192632504143 -65.5036
0.9223827803347742 0.0 0.38627711107686885 40.161 0.0 1.0 0.0 0 -0.38627711107686885 0.0 0.9223827803347742 -65.0966
0.9218069790616386 0.0 0.3876491885110245 41.1053 0.0 1.0 0.0 0 -0.3876491885110245 0.0 0.9218069790616386 -64.6986
0.9213745659756284 0.0 0.38867584073778283 42.0563 0.0 1.0 0.0 0 -0.38867584073778283 0.0 0.9213745659756284 -64.2958
0.9208377060994392 0.0 0.38994604630066826 42.9883 0.0 1.0 0.0 0 -0.38994604630066826 0.0 0.9208377060994392 -63.8927
0.9209086610285601 0.0 0.38977844738079687 43.9334 0.0 1.0 0.0 0 -0.38977844738079687 0.0 0.9209086610285601 -63.4843
0.9206129444332688 0.0 0.3904763841026845 44.8702 0.0 1.0 0.0 0 -0.3904763841026845 0.0 0.9206129444332688 -63.0906
0.9204472996993148 0.0 0.3908666888802878 45.7903 0.0 1.0 0.0 0 -0.3908666888802878 0.0 0.9204472996993148 -62.6935
0.9205184221918502 0.0 0.39069916099913327 46.7058 0.0 1.0 0.0 0 -0.39069916099913327 0.0 0.9205184221918502 -62.3041
0.9204590252857783 0.0 0.3908390752854109 47.6288 0.0 1.0 0.0 0 -0.3908390752854109 0.0 0.9204590252857783 -61.9143
0.9201566317102032 0.0 0.3915504732722633 48.5543 0.0 1.0 0.0 0 -0.3915504732722633 0.0 0.9201566317102032 -61.5181
0.919561198150746 0.0 0.3929468193732639 49.4587 0.0 1.0 0.0 0 -0.3929468193732639 0.0 0.919561198150746 -61.1237
0.919166610013615 0.0 0.3938689414463637 50.3945 0.0 1.0 0.0 0 -0.3938689414463637 0.0 0.919166610013615 -60.7149
0.9191697609357332 0.0 0.39386158810087973 51.3022 0.0 1.0 0.0 0 -0.39386158810087973 0.0 0.9191697609357332 -60.3272
0.9185617291014172 0.0 0.39527756049416035 52.1781 0.0 1.0 0.0 0 -0.39527756049416035 0.0 0.9185617291014172 -59.933
0.9182796627405202 0.0 0.3959323944780934 53.0659 0.0 1.0 0.0 0 -0.3959323944780934 0.0 0.9182796627405202 -59.5438
0.9182127370526791 0.0 0.3960875780862453 53.9668 0.0 1.0 0.0 0 -0.3960875780862453 0.0 0.9182127370526791 -59.1468
0.9180998148035382 0.0 0.396349252626656 54.8625 0.0 1.0 0.0 0 -0.396349252626656 0.0 0.9180998148035382 -58.7491
0.9178245273493433 0.0 0.39698631839895254 55.7426 0.0 1.0 0.0 0 -0.39698631839895254 0.0 0.9178245273493433 -58.3591
0.917689498953431 0.0 0.39729835578642997 56.6258 0.0 1.0 0.0 0 -0.39729835578642997 0.0 0.917689498953431 -57.9646
0.9174907350726299 0.0 0.3977571508544947 57.5093 0.0 1.0 0.0 0 -0.3977571508544947 0.0 0.9174907350726299 -57.5663
0.9169868383152867 0.0 0.39891745807439194 58.3835 0.0 1.0 0.0 0 -0.39891745807439194 0.0 0.9169868383152867 -57.1774
0.9163702173183431 0.0 0.40033189332344304 59.261 0.0 1.0 0.0 0 -0.40033189332344304 0.0 0.9163702173183431 -56.7817
0.9160408349507599 0.0 0.40108501430833166 60.1299 0.0 1.0 0.0 0 -0.40108501430833166 0.0 0.9160408349507599 -56.3921
0.9158004207033773 0.0 0.4016336507808044 61.0023 0.0 1.0 0.0 0 -0.4016336507808044 0.0 0.9158004207033773 -56.0069
0.9152799401798153 0.0 0.4028183599396057 61.8679 0.0 1.0 0.0 0 -0.4028183599396057 0.0 0.9152799401798153 -55.6284
0.9146771083052444 0.0 0.4041853381090861 62.7115 0.0 1.0 0.0 0 -0.4041853381090861 0.0 0.9146771083052444 -55.2541
0.9142530198517264 0.0 0.40514369758395463 63.5532 0.0 1.0 0.0 0 -0.40514369758395463 0.0 0.9142530198517264 -54.8822
0.9138051841474043 0.0 0.40615278581505315 64.3878 0.0 1.0 0.0 0 -0.40615278581505315 0.0 0.9138051841474043 -54.5169
0.9131994098646526 0.0 0.40751299098660676 65.2153 0.0 1.0 0.0 0 -0.40751299098660676 0.0 0.9131994098646526 -54.1496
0.9127322089783647 0.0 0.4085583369526006 66.0512 0.0 1.0 0.0 0 -0.4085583369526006 0.0 0.9127322089783647 -53.7787
0.9121773649065783 0.0 0.4097956258332819 66.8354 0.0 1.0 0.0 0 -0.4097956258332819 0.0 0.9121773649065783 -53.4241
0.9114279692446358 0.0 0.41145966616255275 67.6294 0.0 1.0 0.0 0 -0.41145966616255275 0.0 0.9114279692446358 -53.066
0.9108324586919128 0.0 0.41277624955082515 68.4125 0.0 1.0 0.0 0 -0.41277624955082515 0.0 0.9108324586919128 -52.7127
0.9102752089375044 0.0 0.4140036763046709 69.1775 0.0 1.0 0.0 0 -0.4140036763046709 0.0 0.9102752089375044 -52.367
0.9096506873683955 0.0 0.41537408076359983 69.9241 0.0 1.0 0.0 0 -0.41537408076359983 0.0 0.9096506873683955 -52.0224
0.9090503557184123 0.0 0.41668627379387974 70.6575 0.0 1.0 0.0 0 -0.41668627379387974 0.0 0.9090503557184123 -51.6889
0.908469865846489 0.0 0.41795035931179936 71.3748 0.0 1.0 0.0 0 -0.41795035931179936 0.0 0.908469865846489 -51.3641
0.9076606907669503 0.0 0.4197047419751922 72.0855 0.0 1.0 0.0 0 -0.4197047419751922 0.0 0.9076606907669503 -51.0398
0.9070970507622825 0.0 0.4209215372232325 72.774 0.0 1.0 0.0 0 -0.4209215372232325 0.0 0.9070970507622825 -50.7258
0.9064566246931426 0.0 0.42229893150458636 73.4455 0.0 1.0 0.0 0 -0.42229893150458636 0.0 0.9064566246931426 -50.4101
0.905849269035789 0.0 0.4236001673598899 74.0896 0.0 1.0 0.0 0 -0.4236001673598899 0.0 0.905849269035789 -50.1125
0.9056309948323085 0.0 0.42406662353814556 74.7182 0.0 1.0 0.0 0 -0.42406662353814556 0.0 0.9056309948323085 -49.8214
0.9051265647236887 0.0 0.42514221365502414 75.3312 0.0 1.0 0.0 0 -0.42514221365502414 0.0 0.9051265647236887 -49.5398
0.9045616042400525 0.0 0.42634294193133143 75.9192 0.0 1.0 0.0 0 -0.42634294193133143 0.0 0.9045616042400525 -49.271
0.9041125910069425 0.0 0.42729430464577106 76.4932 0.0 1.0 0.0 0 -0.42729430464577106 0.0 0.9041125910069425 -49.0011
0.9040104418471969 0.0 0.4275103753492256 77.0408 0.0 1.0 0.0 0 -0.4275103753492256 0.0 0.9040104418471969 -48.7286
0.9043542947515164 0.0 0.4267825085034383 77.5745 0.0 1.0 0.0 0 -0.4267825085034383 0.0 0.9043542947515164 -48.4672
0.9055546481692617 0.0 0.4242296302464558 78.1025 0.0 1.0 0.0 0 -0.4242296302464558 0.0 0.9055546481692617 -48.2213
0.9072527296367092 0.0 0.42058588251002943 78.6287 0.0 1.0 0.0 0 -0.42058588251002943 0.0 0.9072527296367092 -47.983
0.9090195184451999 0.0 0.4167535423792544 79.1335 0.0 1.0 0.0 0 -0.4167535423792544 0.0 0.9090195184451999 -47.7386
0.911227068409969 0.0 0.4119043940005662 79.6157 0.0 1.0 0.0 0 -0.4119043940005662 0.0 0.911227068409969 -47.5002
0.9145420593859667 0.0 0.4044908177129304 80.0909 0.0 1.0 0.0 0 -0.4044908177129304 0.0 0.9145420593859667 -47.2699
0.9188018880637946 0.0 0.3947190019373355 80.5604 0.0 1.0 0.0 0 -0.3947190019373355 0.0 0.9188018880637946 -47.0555
0.9246107079199544 0.0 0.3809134269092663 81.0175 0.0 1.0 0.0 0 -0.3809134269092663 0.0 0.9246107079199544 -46.8515
0.9312426783298409 0.0 0.3643996076521826 81.462 0.0 1.0 0.0 0 -0.3643996076521826 0.0 0.9312426783298409 -46.6566
0.9390406915207349 0.0 0.34380602040723496 81.8994 0.0 1.0 0.0 0 -0.34380602040723496 0.0 0.9390406915207349 -46.4607
0.9477011653741949 0.0 0.31915905305723813 82.3294 0.0 1.0 0.0 0 -0.31915905305723813 0.0 0.9477011653741949 -46.2664
0.9567061460743383 0.0 0.29105557899409323 82.7542 0.0 1.0 0.0 0 -0.29105557899409323 0.0 0.9567061460743383 -46.0889
0.9656816909433162 0.0 0.25972845777245407 83.1778 0.0 1.0 0.0 0 -0.25972845777245407 0.0 0.9656816909433162 -45.9173
0.9747802726009457 0.0 0.2231667989375346 83.5999 0.0 1.0 0.0 0 -0.2231667989375346 0.0 0.9747802726009457 -45.7642
0.9832876160100726 0.0 0.18205895803620326 84.0218 0.0 1.0 0.0 0 -0.18205895803620326 0.0 0.9832876160100726 -45.6231
0.9905657337430397 0.0 0.13703841481173562 84.4369 0.0 1.0 0.0 0 -0.13703841481173562 0.0 0.9905657337430397 -45.4975
0.9961852936507194 0.0 0.08726316928710548 84.8445 0.0 1.0 0.0 0 -0.08726316928710548 0.0 0.9961852936507194 -45.3906
0.9994693220011613 0.0 0.03257413665070449 85.2488 0.0 1.0 0.0 0 -0.03257413665070449 0.0 0.9994693220011613 -45.2955
0.9996482513778717 -0.0 -0.02652118996507293 85.652 0.0 1.0 -0.0 0 0.02652118996507293 0.0 0.9996482513778717 -45.2241
0.9961177968948668 -0.0 -0.08803030563003283 86.0579 0.0 1.0 -0.0 0 0.08803030563003283 0.0 0.9961177968948668 -45.1705
0.9883349208842391 -0.0 -0.1522960411853993 86.451 0.0 1.0 -0.0 0 0.1522960411853993 0.0 0.9883349208842391 -45.1436
0.9761544978837802 -0.0 -0.2170769362720624 86.8444 0.0 1.0 -0.0 0 0.2170769362720624 0.0 0.9761544978837802 -45.1322
0.9597234840723752 -0.0 -0.28094631892940214 87.2308 0.0 1.0 -0.0 0 0.28094631892940214 0.0 0.9597234840723752 -45.153
0.9395347984218007 -0.0 -0.34245344582075143 87.6173 0.0 1.0 -0.0 0 0.34245344582075143 0.0 0.9395347984218007 -45.1964
0.9155230755000471 -0.0 -0.40226545741206143 87.9962 0.0 1.0 -0.0 0 0.40226545741206143 0.0 0.9155230755000471 -45.2676
0.8880505301693075 -0.0 -0.45974586008577817 88.3667 0.0 1.0 -0.0 0 0.45974586008577817 0.0 0.8880505301693075 -45.3608
0.8580144404356542 -0.0 -0.513625564009319 88.7264 0.0 1.0 -0.0 0 0.513625564009319 0.0 0.8580144404356542 -45.4701
0.8263540126904796 -0.0 -0.5631509972559249 89.0849 0.0 1.0 -0.0 0 0.5631509972559249 0.0 0.8263540126904796 -45.5995
0.7931758340551116 -0.0 -0.6089926898337764 89.4185 0.0 1.0 -0.0 0 0.6089926898337764 0.0 0.7931758340551116 -45.7587
0.7584374836055183 -0.0 -0.6517457966585815 89.7391 0.0 1.0 -0.0 0 0.6517457966585815 0.0 0.7584374836055183 -45.9406
0.7237680022632274 -0.0 -0.6900433891429559 90.0462 0.0 1.0 -0.0 0 0.6900433891429559 0.0 0.7237680022632274 -46.1416
0.6906506238919836 -0.0 -0.723188575488865 90.3546 0.0 1.0 -0.0 0 0.723188575488865 0.0 0.6906506238919836 -46.3552
0.6590427779062222 -0.0 -0.7521054559632245 90.6565 0.0 1.0 -0.0 0 0.7521054559632245 0.0 0.6590427779062222 -46.5748
0.6302237227352648 -0.0 -0.776413587787916 90.9402 0.0 1.0 -0.0 0 0.776413587787916 0.0 0.6302237227352648 -46.8242
0.6026776001876313 -0.0 -0.7979847807020367 91.1945 0.0 1.0 -0.0 0 0.7979847807020367 0.0 0.6026776001876313 -47.0909
0.5766916735052254 -0.0 -0.816961880206012 91.4363 0.0 1.0 -0.0 0 0.816961880206012 0.0 0.5766916735052254 -47.3856
0.5526064404252392 -0.0 -0.8334423327384723 91.6774 0.0 1.0 -0.0 0 0.8334423327384723 0.0 0.5526064404252392 -47.6958
0.5306576843372292 -0.0 -0.847586232812833 91.9237 0.0 1.0 -0.0 0 0.847586232812833 0.0 0.5306576843372292 -48.0084
0.510259350805222 -0.0 -0.8600205781932391 92.1696 0.0 1.0 -0.0 0 0.8600205781932391 0.0 0.510259350805222 -48.3319
0.4926099767820906 -0.0 -0.870250200100378 92.4117 0.0 1.0 -0.0 0 0.870250200100378 0.0 0.4926099767820906 -48.6723
0.47488761760967224 -0.0 -0.8800464480020413 92.6367 0.0 1.0 -0.0 0 0.8800464480020413 0.0 0.47488761760967224 -49.0329
0.4594326398742774 -0.0 -0.888212614984809 92.86 0.0 1.0 -0.0 0 0.888212614984809 0.0 0.4594326398742774 -49.4179
0.4456554681449483 -0.0 -0.8952045597027011 93.0819 0.0 1.0 -0.0 0 0.8952045597027011 0.0 0.4456554681449483 -49.8211
0.4327097479199111 -0.0 -0.9015332905972399 93.3064 0.0 1.0 -0.0 0 0.9015332905972399 0.0 0.4327097479199111 -50.2374
0.42069958228346815 -0.0 -0.9072000118311923 93.5312 0.0 1.0 -0.0 0 0.9072000118311923 0.0 0.42069958228346815 -50.669
0.40991997624140675 -0.0 -0.9121214903061131 93.7444 0.0 1.0 -0.0 0 0.9121214903061131 0.0 0.40991997624140675 -51.1164
0.40044856856072464 -0.0 -0.9163192369134605 93.9575 0.0 1.0 -0.0 0 0.9163192369134605 0.0 0.40044856856072464 -51.5852
0.39283860893947453 -0.0 -0.9196074310957358 94.1611 0.0 1.0 -0.0 0 0.9196074310957358 0.0 0.39283860893947453 -52.0659
0.38724938908339357 -0.0 -0.9219750054391596 94.3675 0.0 1.0 -0.0 0 0.9219750054391596 0.0 0.38724938908339357 -52.5688
0.3818399974974469 -0.0 -0.9242284437903596 94.5816 0.0 1.0 -0.0 0 0.9242284437903596 0.0 0.3818399974974469 -53.0947
0.37588008934908423 -0.0 -0.9266683109025173 94.804 0.0 1.0 -0.0 0 0.9266683109025173 0.0 0.37588008934908423 -53.6373
0.37138134484984187 -0.0 -0.9284804234325691 95.0346 0.0 1.0 -0.0 0 0.9284804234325691 0.0 0.37138134484984187 -54.2028
0.36844549736351206 -0.0 -0.9296493508159699 95.2689 0.0 1.0 -0.0 0 0.9296493508159699 0.0 0.36844549736351206 -54.7864
0.3652267115887755 -0.0 -0.9309186050037078 95.5054 0.0 1.0 -0.0 0 0.9309186050037078 0.0 0.3652267115887755 -55.3903
0.3626746268155189 -0.0 -0.9319158304612194 95.744 0.0 1.0 -0.0 0 0.9319158304612194 0.0 0.3626746268155189 -56.0032
0.36157471389672335 -0.0 -0.9323431376218215 95.9878 0.0 1.0 -0.0 0 0.9323431376218215 0.0 0.36157471389672335 -56.631
0.36227386949150064 -0.0 -0.9320716943903271 96.238 0.0 1.0 -0.0 0 0.9320716943903271 0.0 0.36227386949150064 -57.2782
0.3640627783022228 -0.0 -0.9313744109942397 96.4881 0.0 1.0 -0.0 0 0.9313744109942397 0.0 0.3640627783022228 -57.942
0.36735755568872175 -0.0 -0.9300797956511085 96.7442 0.0 1.0 -0.0 0 0.9300797956511085 0.0 0.36735755568872175 -58.6172
0.37129778010775116 -0.0 -0.9285138439932148 97.0136 0.0 1.0 -0.0 0 0.9285138439932148 0.0 0.37129778010775116 -59.3161
0.3749810443956919 -0.0 -0.9270324785809375 97.2865 0.0 1.0 -0.0 0 0.9270324785809375 0.0 0.3749810443956919 -60.0267
0.37850105197640216 -0.0 -0.9256008608751165 97.5573 0.0 1.0 -0.0 0 0.9256008608751165 0.0 0.37850105197640216 -60.7492
0.38200635243062275 -0.0 -0.9241596976186804 97.8313 0.0 1.0 -0.0 0 0.9241596976186804 0.0 0.38200635243062275 -61.4856
0.3855338466982722 -0.0 -0.9226936940556347 98.1198 0.0 1.0 -0.0 0 0.9226936940556347 0.0 0.3855338466982722 -62.233
0.38874247979036725 -0.0 -0.9213464518879073 98.4013 0.0 1.0 -0.0 0 0.9213464518879073 0.0 0.38874247979036725 -62.9792
0.3913023174497132 -0.0 -0.9202621889214421 98.691 0.0 1.0 -0.0 0 0.9202621889214421 0.0 0.3913023174497132 -63.7329
0.39252591971285455 -0.0 -0.9197409430668931 98.9791 0.0 1.0 -0.0 0 0.9197409430668931 0.0 0.39252591971285455 -64.4818
0.3921579919433651 -0.0 -0.9198978798513168 99.2818 0.0 1.0 -0.0 0 0.9198978798513168 0.0 0.3921579919433651 -65.2433
0.3920751995460503 -0.0 -0.9199331703449578 99.5776 0.0 1.0 -0.0 0 0.9199331703449578 0.0 0.3920751995460503 -65.998
0.39191880524235856 -0.0 -0.9199998098355251 99.8782 0.0 1.0 -0.0 0 0.9199998098355251 0.0 0.39191880524235856 -66.7714
0.3914955638797504 -0.0 -0.9201799951436003 100.202 0.0 1.0 -0.0 0 0.9201799951436003 0.0 0.3914955638797504 -67.5504
0.3914495543906428 -0.0 -0.9201995687715612 100.508 0.0 1.0 -0.0 0 0.9201995687715612 0.0 0.3914495543906428 -68.313
0.39122869522251047 -0.0 -0.9202934901619657 100.815 0.0 1.0 -0.0 0 0.9202934901619657 0.0 0.39122869522251047 -69.0769
0.3910998503002674 -0.0 -0.9203482531602417 101.122 0.0 1.0 -0.0 0 0.9203482531602417 0.0 0.3910998503002674 -69.8348
0.38971888845097413 -0.0 -0.9209338673241078 101.427 0.0 1.0 -0.0 0 0.9209338673241078 0.0 0.38971888845097413 -70.5909
0.38714796949014074 -0.0 -0.9220175972939242 101.743 0.0 1.0 -0.0 0 0.9220175972939242 0.0 0.38714796949014074 -71.3482
0.38378003384597514 -0.0 -0.9234245424620152 102.066 0.0 1.0 -0.0 0 0.9234245424620152 0.0 0.38378003384597514 -72.0978
0.37913962641755616 -0.0 -0.9253394748307001 102.381 0.0 1.0 -0.0 0 0.9253394748307001 0.0 0.37913962641755616 -72.8568
0.3734045480937107 -0.0 -0.9276686064877542 102.697 0.0 1.0 -0.0 0 0.9276686064877542 0.0 0.3734045480937107 -73.6156
0.3663249410169511 -0.0 -0.9304869894785888 103.003 0.0 1.0 -0.0 0 0.9304869894785888 0.0 0.3663249410169511 -74.3674
0.3582159428495647 -0.0 -0.9336387622032396 103.306 0.0 1.0 -0.0 0 0.9336387622032396 0.0 0.3582159428495647 -75.128
0.3488243129390337 -0.0 -0.9371881341025456 103.606 0.0 1.0 -0.0 0 0.9371881341025456 0.0 0.3488243129390337 -75.8876
0.3392187929729753 -0.0 -0.9407075052820392 103.897 0.0 1.0 -0.0 0 0.9407075052820392 0.0 0.3392187929729753 -76.6392
0.32900179346184444 -0.0 -0.944329296325646 104.175 0.0 1.0 -0.0 0 0.944329296325646 0.0 0.32900179346184444 -77.3891
0.31815841267359923 -0.0 -0.9480375648912948 104.443 0.0 1.0 -0.0 0 0.9480375648912948 0.0 0.31815841267359923 -78.141
0.30777756421271285 -0.0 -0.9514583390602499 104.692 0.0 1.0 -0.0 0 0.9514583390602499 0.0 0.30777756421271285 -78.8752
0.2971785367004731 -0.0 -0.9548219296416298 104.936 0.0 1.0 -0.0 0 0.9548219296416298 0.0 0.2971785367004731 -79.6241
0.28736659407819287 -0.0 -0.9578206724684425 105.167 0.0 1.0 -0.0 0 0.9578206724684425 0.0 0.28736659407819287 -80.3582
0.27756282985111724 -0.0 -0.9607074869516943 105.389 0.0 1.0 -0.0 0 0.9607074869516943 0.0 0.27756282985111724 -81.0943
0.26794203707287234 -0.0 -0.963435034015911 105.595 0.0 1.0 -0.0 0 0.963435034015911 0.0 0.26794203707287234 -81.8485
0.25812055420786517 -0.0 -0.9661127157301184 105.788 0.0 1.0 -0.0 0 0.9661127157301184 0.0 0.25812055420786517 -82.5751
0.24882443501791507 -0.0 -0.9685486051500026 105.971 0.0 1.0 -0.0 0 0.9685486051500026 0.0 0.24882443501791507 -83.2975
0.2403208037924417 -0.0 -0.9706935207698437 106.149 0.0 1.0 -0.0 0 0.9706935207698437 0.0 0.2403208037924417 -84.0159
0.23256709988740776 -0.0 -0.9725803535183922 106.314 0.0 1.0 -0.0 0 0.9725803535183922 0.0 0.23256709988740776 -84.7341
0.2274383956253957 -0.0 -0.973792470804404 106.478 0.0 1.0 -0.0 0 0.973792470804404 0.0 0.2274383956253957 -85.4319
0.22362913821793617 -0.0 -0.9746743089565372 106.633 0.0 1.0 -0.0 0 0.9746743089565372 0.0 0.22362913821793617 -86.1281
0.22090893004866075 -0.0 -0.9752944399640326 106.78 0.0 1.0 -0.0 0 0.9752944399640326 0.0 0.22090893004866075 -86.8182
0.2192506110859983 -0.0 -0.9756685756641015 106.917 0.0 1.0 -0.0 0 0.9756685756641015 0.0 0.2192506110859983 -87.4913
0.21827483304764927 -0.0 -0.9758873384043983 107.045 0.0 1.0 -0.0 0 0.9758873384043983 0.0 0.21827483304764927 -88.1495
0.2192310976706363 -0.0 -0.9756729604811891 107.174 0.0 1.0 -0.0 0 0.9756729604811891 0.0 0.2192310976706363 -88.7948
0.22185486158047374 -0.0 -0.9750796995082549 107.312 0.0 1.0 -0.0 0 0.9750796995082549 0.0 0.22185486158047374 -89.4284
0.22649371007845642 -0.0 -0.9740126278929324 107.444 0.0 1.0 -0.0 0 0.9740126278929324 0.0 0.22649371007845642 -90.0404
0.2344243030192693 -0.0 -0.9721343765930355 107.575 0.0 1.0 -0.0 0 0.9721343765930355 0.0 0.2344243030192693 -90.628
0.24491917414088782 -0.0 -0.9695434998689566 107.694 0.0 1.0 -0.0 0 0.9695434998689566 0.0 0.24491917414088782 -91.1974
0.25793698813390487 -0.0 -0.9661617411967883 107.816 0.0 1.0 -0.0 0 0.9661617411967883 0.0 0.25793698813390487 -91.7466
0.2744967659130888 -0.0 -0.9615880227536401 107.933 0.0 1.0 -0.0 0 0.9615880227536401 0.0 0.2744967659130888 -92.2753
0.2947523329689622 -0.0 -0.9555736822502773 108.053 0.0 1.0 -0.0 0 0.9555736822502773 0.0 0.2947523329689622 -92.7918
0.31837645289631167 -0.0 -0.9479643633814315 108.182 0.0 1.0 -0.0 0 0.9479643633814315 0.0 0.31837645289631167 -93.2988
0.344960148212636 -0.0 -0.9386173321141669 108.314 0.0 1.0 -0.0 0 0.9386173321141669 0.0 0.344960148212636 -93.8087
0.3761302760891587 -0.0 -0.9265667895025665 108.459 0.0 1.0 -0.0 0 0.9265667895025665 0.0 0.3761302760891587 -94.3069
0.41069513133122515 -0.0 -0.9117727288643961 108.608 0.0 1.0 -0.0 0 0.9117727288643961 0.0 0.41069513133122515 -94.7995
0.4488038207659273 -0.0 -0.8936303097287521 108.775 0.0 1.0 -0.0 0 0.8936303097287521 0.0 0.4488038207659273 -95.2828
0.4892471495101529 -0.0 -0.8721451867070014 108.956 0.0 1.0 -0.0 0 0.8721451867070014 0.0 0.4892471495101529 -95.7562
0.5316489967947586 -0.0 -0.8469647833334789 109.154 0.0 1.0 -0.0 0 0.8469647833334789 0.0 0.5316489967947586 -96.2231
0.5756070576518935 -0.0 -0.8177264305263281 109.366 0.0 1.0 -0.0 0 0.8177264305263281 0.0 0.5756070576518935 -96.6778
0.6216099682706644 -0.0 -0.7833269096274834 109.598 0.0 1.0 -0.0 0 0.7833269096274834 0.0 0.6216099682706644 -97.1126
0.6689805078962543 -0.0 -0.7432799472976988 109.85 0.0 1.0 -0.0 0 0.7432799472976988 0.0 0.6689805078962543 -97.5269
0.7166250789317598 -0.0 -0.6974585982307833 110.122 0.0 1.0 -0.0 0 0.6974585982307833 0.0 0.7166250789317598 -97.9188
0.7622423753509593 -0.0 -0.6472917126144342 110.419 0.0 1.0 -0.0 0 0.6472917126144342 0.0 0.7622423753509593 -98.2948
0.8048438569572228 -0.0 -0.5934866181458698 110.723 0.0 1.0 -0.0 0 0.5934866181458698 0.0 0.8048438569572228 -98.6533
0.8443727592709472 -0.0 -0.5357561417297677 111.058 0.0 1.0 -0.0 0 0.5357561417297677 0.0 0.8443727592709472 -98.9845
0.8795693728431195 -0.0 -0.4757706573091297 111.417 0.0 1.0 -0.0 0 0.4757706573091297 0.0 0.8795693728431195 -99.2927
0.9101488954790139 -0.0 -0.41428129098274646 111.798 0.0 1.0 -0.0 0 0.41428129098274646 0.0 0.9101488954790139 -99.5749
0.9362409002380229 -0.0 -0.35135875785512527 112.192 0.0 1.0 -0.0 0 0.35135875785512527 0.0 0.9362409002380229 -99.8313
0.9577862755283727 -0.0 -0.28748121748992256 112.605 0.0 1.0 -0.0 0 0.28748121748992256 0.0 0.9577862755283727 -100.064
0.9745075080977698 -0.0 -0.22435488998699185 113.035 0.0 1.0 -0.0 0 0.22435488998699185 0.0 0.9745075080977698 -100.27
0.9864287012856461 -0.0 -0.16419018630817653 113.473 0.0 1.0 -0.0 0 0.16419018630817653 0.0 0.9864287012856461 -100.446
0.9941096805122767 -0.0 -0.1083787022979115 113.926 0.0 1.0 -0.0 0 0.1083787022979115 0.0 0.9941096805122767 -100.595
0.9982752317437021 -0.0 -0.0587074244628206 114.388 0.0 1.0 -0.0 0 0.0587074244628206 0.0 0.9982752317437021 -100.711
0.9998691082735354 -0.0 -0.01617919405549137 114.854 0.0 1.0 -0.0 0 0.01617919405549137 0.0 0.9998691082735354 -100.806
0.9997796571670978 0.0 0.02099135809899708 115.34 0.0 1.0 0.0 0 -0.02099135809899708 0.0 0.9997796571670978 -100.865
0.9985963584412361 0.0 0.05296520469046006 115.825 0.0 1.0 0.0 0 -0.05296520469046006 0.0 0.9985963584412361 -100.894
0.997152473042618 0.0 0.07541183928927145 116.304 0.0 1.0 0.0 0 -0.07541183928927145 0.0 0.997152473042618 -100.893
0.995819855207978 0.0 0.09133901671006621 116.802 0.0 1.0 0.0 0 -0.09133901671006621 0.0 0.995819855207978 -100.875
0.9945809776809451 0.0 0.10396479613415016 117.305 0.0 1.0 0.0 0 -0.10396479613415016 0.0 0.9945809776809451 -100.858
0.9935045971543521 0.0 0.113791983167394 117.813 0.0 1.0 0.0 0 -0.113791983167394 0.0 0.9935045971543521 -100.827
0.9928034873111028 0.0 0.11975489794957397 118.328 0.0 1.0 0.0 0 -0.11975489794957397 0.0 0.9928034873111028 -100.788
0.9924689378337356 0.0 0.12249656091163012 118.855 0.0 1.0 0.0 0 -0.12249656091163012 0.0 0.9924689378337356 -100.739
0.9924127303186742 0.0 0.1229510988215825 119.399 0.0 1.0 0.0 0 -0.1229510988215825 0.0 0.9924127303186742 -100.683
0.992742162939997 0.0 0.12026220487425218 119.956 0.0 1.0 0.0 0 -0.12026220487425218 0.0 0.992742162939997 -100.61
0.993219221845585 0.0 0.11625651532903727 120.51 0.0 1.0 0.0 0 -0.11625651532903727 0.0 0.993219221845585 -100.529
0.9937430449353502 0.0 0.11169046800250487 121.078 0.0 1.0 0.0 0 -0.11169046800250487 0.0 0.9937430449353502 -100.457
0.9942380544534338 0.0 0.10719464108177539 121.669 0.0 1.0 0.0 0 -0.10719464108177539 0.0 0.9942380544534338 -100.394
0.9948157371831755 0.0 0.10169389879778944 122.279 0.0 1.0 0.0 0 -0.10169389879778944 0.0 0.9948157371831755 -100.333
0.9952715163341638 0.0 0.09713191429130988 122.895 0.0 1.0 0.0 0 -0.09713191429130988 0.0 0.9952715163341638 -100.258
0.9956406717678971 0.0 0.0932719289045249 123.526 0.0 1.0 0.0 0 -0.0932719289045249 0.0 0.9956406717678971 -100.193
0.995990608860228 0.0 0.08945785075795248 124.173 0.0 1.0 0.0 0 -0.08945785075795248 0.0 0.995990608860228 -100.131
0.9962600752647407 0.0 0.08640522225822468 124.831 0.0 1.0 0.0 0 -0.08640522225822468 0.0 0.9962600752647407 -100.065
0.9963145701715576 0.0 0.08577457236188621 125.487 0.0 1.0 0.0 0 -0.08577457236188621 0.0 0.9963145701715576 -100.006
0.9963182918496878 0.0 0.08573133222877358 126.158 0.0 1.0 0.0 0 -0.08573133222877358 0.0 0.9963182918496878 -99.951
0.9962855472885227 0.0 0.08611102289491679 126.839 0.0 1.0 0.0 0 -0.08611102289491679 0.0 0.9962855472885227 -99.9006
0.9960670945435495 0.0 0.08860216231882681 127.527 0.0 1.0 0.0 0 -0.08860216231882681 0.0 0.9960670945435495 -99.8556
0.9958174526474395 0.0 0.09136520674066599 128.25 0.0 1.0 0.0 0 -0.09136520674066599 0.0 0.9958174526474395 -99.7891
0.9956848728916434 0.0 0.09279888951249317 128.975 0.0 1.0 0.0 0 -0.09279888951249317 0.0 0.9956848728916434 -99.7259
0.995450383745649 0.0 0.09528133867993357 129.706 0.0 1.0 0.0 0 -0.09528133867993357 0.0 0.995450383745649 -99.6696
0.9953059451263209 0.0 0.09677848725931375 130.451 0.0 1.0 0.0 0 -0.09677848725931375 0.0 0.9953059451263209 -99.6123
0.9951053888072087 0.0 0.09881935623578006 131.198 0.0 1.0 0.0 0 -0.09881935623578006 0.0 0.9951053888072087 -99.5536
0.9947443077299849 0.0 0.10239024484194315 131.96 0.0 1.0 0.0 0 -0.10239024484194315 0.0 0.9947443077299849 -99.4882
0.9943586556714462 0.0 0.10607008952232623 132.727 0.0 1.0 0.0 0 -0.10607008952232623 0.0 0.9943586556714462 -99.4171
0.9939180551691416 0.0 0.11012220306909648 133.505 0.0 1.0 0.0 0 -0.11012220306909648 0.0 0.9939180551691416 -99.3351
0.9935173356251794 0.0 0.113680709939042 134.304 0.0 1.0 0.0 0 -0.113680709939042 0.0 0.9935173356251794 -99.2473
0.993323104349315 0.0 0.11536555103599906 135.108 0.0 1.0 0.0 0 -0.11536555103599906 0.0 0.993323104349315 -99.1621
0.9931778881982845 0.0 0.11660910081977299 135.92 0.0 1.0 0.0 0 -0.11660910081977299 0.0 0.9931778881982845 -99.0677
0.9931285907246549 0.0 0.11702821149304543 136.73 0.0 1.0 0.0 0 -0.11702821149304543 0.0 0.9931285907246549 -98.9641
0.9930498412270391 0.0 0.11769457438196726 137.563 0.0 1.0 0.0 0 -0.11769457438196726 0.0 0.9930498412270391 -98.8756
0.9931102050557127 0.0 0.11718413123883448 138.393 0.0 1.0 0.0 0 -0.11718413123883448 0.0 0.9931102050557127 -98.7896
0.9931957177659897 0.0 0.11645714323862026 139.23 0.0 1.0 0.0 0 -0.11645714323862026 0.0 0.9931957177659897 -98.7018
0.9933439692428095 0.0 0.11518575766534811 140.085 0.0 1.0 0.0 0 -0.11518575766534811 0.0 0.9933439692428095 -98.6173
0.9936858413650987 0.0 0.11219825609400415 140.938 0.0 1.0 0.0 0 -0.11219825609400415 0.0 0.9936858413650987 -98.5314
0.9940258250713219 0.0 0.10914512857328025 141.775 0.0 1.0 0.0 0 -0.10914512857328025 0.0 0.9940258250713219 -98.4477
0.9943383781468716 0.0 0.10626001008963325 142.642 0.0 1.0 0.0 0 -0.10626001008963325 0.0 0.9943383781468716 -98.3635
0.9945279307634834 0.0 0.10447102436227877 143.493 0.0 1.0 0.0 0 -0.10447102436227877 0.0 0.9945279307634834 -98.2743
0.9946860925645982 0.0 0.10295424837553677 144.352 0.0 1.0 0.0 0 -0.10295424837553677 0.0 0.9946860925645982 -98.1772
0.9947065607646077 0.0 0.10275630380587725 145.203 0.0 1.0 0.0 0 -0.10275630380587725 0.0 0.9947065607646077 -98.0786
0.9948254952133342 0.0 0.10159839601856106 146.066 0.0 1.0 0.0 0 -0.10159839601856106 0.0 0.9948254952133342 -97.9863
0.9950320597191764 0.0 0.09955501057713473 146.937 0.0 1.0 0.0 0 -0.09955501057713473 0.0 0.9950320597191764 -97.9056
0.9951424253195498 0.0 0.09844568720428715 147.802 0.0 1.0 0.0 0 -0.09844568720428715 0.0 0.9951424253195498 -97.825
0.9952422345421066 0.0 0.09743148661307856 148.649 0.0 1.0 0.0 0 -0.09743148661307856 0.0 0.9952422345421066 -97.7544
0.9953648236745776 0.0 0.09617103405535952 149.491 0.0 1.0 0.0 0 -0.09617103405535952 0.0 0.9953648236745776 -97.6744
0.9954030975298158 0.0 0.09577407492661028 150.313 0.0 1.0 0.0 0 -0.09577407492661028 0.0 0.9954030975298158 -97.5872
0.9954124786092179 0.0 0.0956765249633014 151.142 0.0 1.0 0.0 0 -0.0956765249633014 0.0 0.9954124786092179 -97.5042
0.9953201124939012 0.0 0.09663267390033228 151.981 0.0 1.0 0.0 0 -0.09663267390033228 0.0 0.9953201124939012 -97.4268
0.9951828416602165 0.0 0.09803627729109503 152.837 0.0 1.0 0.0 0 -0.09803627729109503 0.0 0.9951828416602165 -97.3471
0.9950320796301586 0.0 0.09955481157072081 153.687 0.0 1.0 0.0 0 -0.09955481157072081 0.0 0.9950320796301586 -97.2621
0.9950006704990038 0.0 0.09986824173145781 154.519 0.0 1.0 0.0 0 -0.09986824173145781 0.0 0.9950006704990038 -97.1896
0.9948433611230839 0.0 0.10142330515875148 155.336 0.0 1.0 0.0 0 -0.10142330515875148 0.0 0.9948433611230839 -97.125
0.9947389820923612 0.0 0.10244197140749021 156.16 0.0 1.0 0.0 0 -0.10244197140749021 0.0 0.9947389820923612 -97.0417
0.9945043996092121 0.0 0.1046947905003897 156.977 0.0 1.0 0.0 0 -0.1046947905003897 0.0 0.9945043996092121 -96.9527
0.9942184211862064 0.0 0.1073765848498042 157.814 0.0 1.0 0.0 0 -0.1073765848498042 0.0 0.9942184211862064 -96.8732
0.9938298611949394 0.0 0.1109153145298138 158.637 0.0 1.0 0.0 0 -0.1109153145298138 0.0 0.9938298611949394 -96.7876
0.993236416932054 0.0 0.11610951761149942 159.447 0.0 1.0 0.0 0 -0.11610951761149942 0.0 0.993236416932054 -96.701
0.9928980218054363 0.0 0.11896856011086038 160.275 0.0 1.0 0.0 0 -0.11896856011086038 0.0 0.9928980218054363 -96.6227
0.9926677722012929 0.0 0.12087470385867427 161.091 0.0 1.0 0.0 0 -0.12087470385867427 0.0 0.9926677722012929 -96.5449
0.9924306706019035 0.0 0.12280620525305794 161.905 0.0 1.0 0.0 0 -0.12280620525305794 0.0 0.9924306706019035 -96.4533
0.9922617431363739 0.0 0.12416373507576442 162.718 0.0 1.0 0.0 0 -0.12416373507576442 0.0 0.9922617431363739 -96.3574
0.9920698571949393 0.0 0.12568770204444293 163.514 0.0 1.0 0.0 0 -0.12568770204444293 0.0 0.9920698571949393 -96.2642
0.9917581764596111 0.0 0.12812384409432528 164.321 0.0 1.0 0.0 0 -0.12812384409432528 0.0 0.9917581764596111 -96.1667
0.9911446443050185 0.0 0.13278664867176365 165.122 0.0 1.0 0.0 0 -0.13278664867176365 0.0 0.9911446443050185 -96.0575
0.9902508510466851 0.0 0.13929555628703974 165.922 0.0 1.0 0.0 0 -0.13929555628703974 0.0 0.9902508510466851 -95.9544
0.98932437160121 0.0 0.14573018821051062 166.721 0.0 1.0 0.0 0 -0.14573018821051062 0.0 0.98932437160121 -95.8553
0.9883644477175573 0.0 0.15210430134604355 167.509 0.0 1.0 0.0 0 -0.15210430134604355 0.0 0.9883644477175573 -95.7491
0.9878566566949545 0.0 0.15536803346720587 168.322 0.0 1.0 0.0 0 -0.15536803346720587 0.0 0.9878566566949545 -95.636
0.9871847102257436 0.0 0.15958179061695765 169.112 0.0 1.0 0.0 0 -0.15958179061695765 0.0 0.9871847102257436 -95.5283
0.9864846327866347 0.0 0.16385380458145765 169.913 0.0 1.0 0.0 0 -0.16385380458145765 0.0 0.9864846327866347 -95.4192
0.9852666728560081 0.0 0.1710250957001686 170.694 0.0 1.0 0.0 0 -0.1710250957001686 0.0 0.9852666728560081 -95.2976
0.9841925236596184 0.0 0.17710188133532465 171.482 0.0 1.0 0.0 0 -0.17710188133532465 0.0 0.9841925236596184 -95.1667
0.9829702639182435 0.0 0.1837646871749269 172.279 0.0 1.0 0.0 0 -0.1837646871749269 0.0 0.9829702639182435 -95.0349
0.9815924815346762 0.0 0.19098743465106913 173.092 0.0 1.0 0.0 0 -0.19098743465106913 0.0 0.9815924815346762 -94.912
0.9800486936322246 0.0 0.19875753598233706 173.902 0.0 1.0 0.0 0 -0.19875753598233706 0.0 0.9800486936322246 -94.7774
0.9779478702241964 0.0 0.20884913962944238 174.694 0.0 1.0 0.0 0 -0.20884913962944238 0.0 0.9779478702241964 -94.6287
0.9761327853094166 0.0 0.2171745506363034 175.5 0.0 1.0 0.0 0 -0.2171745506363034 0.0 0.9761327853094166 -94.4639
0.9743461701096062 0.0 0.22505452848752505 176.316 0.0 1.0 0.0 0 -0.22505452848752505 0.0 0.9743461701096062 -94.2977
0.9724985057611872 0.0 0.23290911594924346 177.125 0.0 1.0 0.0 0 -0.23290911594924346 0.0 0.9724985057611872 -94.1278
0.9705417638422775 0.0 0.2409329463521349 177.923 0.0 1.0 0.0 0 -0.2409329463521349 0.0 0.9705417638422775 -93.957
0.9686568333158295 0.0 0.2484027762939644 178.725 0.0 1.0 0.0 0 -0.2484027762939644 0.0 0.9686568333158295 -93.773
0.9670115753121692 0.0 0.25473243455099503 179.527 0.0 1.0 0.0 0 -0.25473243455099503 0.0 0.9670115753121692 -93.5776
0.9659874981448489 0.0 0.25858877281865067 180.331 0.0 1.0 0.0 0 -0.25858877281865067 0.0 0.9659874981448489 -93.3729
0.9648400976347347 0.0 0.26283756580100126 181.126 0.0 1.0 0.0 0 -0.26283756580100126 0.0 0.9648400976347347 -93.1769
0.963851405308666 0.0 0.26644036571906604 181.913 0.0 1.0 0.0 0 -0.26644036571906604 0.0 0.963851405308666 -92.9782
0.963105093678368 0.0 0.269125581338493 182.708 0.0 1.0 0.0 0 -0.269125581338493 0.0 0.963105093678368 -92.7736
0.9621449938142267 0.0 0.272538090692332 183.516 0.0 1.0 0.0 0 -0.272538090692332 0.0 0.9621449938142267 -92.5546
0.9615224803429689 0.0 0.27472626338794937 184.323 0.0 1.0 0.0 0 -0.27472626338794937 0.0 0.9615224803429689 -92.343
0.960557553835298 0.0 0.2780812574949069 185.13 0.0 1.0 0.0 0 -0.2780812574949069 0.0 0.960557553835298 -92.1258
0.9592150955186234 0.0 0.2826772019976111 185.906 0.0 1.0 0.0 0 -0.2826772019976111 0.0 0.9592150955186234 -91.9098
0.9576786905698823 0.0 0.28783940944275804 186.684 0.0 1.0 0.0 0 -0.28783940944275804 0.0 0.9576786905698823 -91.6715
0.9556810050020963 0.0 0.29440417231789223 187.459 0.0 1.0 0.0 0 -0.29440417231789223 0.0 0.9556810050020963 -91.4478
0.9536112295986199 0.0 0.3010408988549701 188.251 0.0 1.0 0.0 0 -0.3010408988549701 0.0 0.9536112295986199 -91.2175
0.9513531241785742 0.0 0.3081026340615515 189.048 0.0 1.0 0.0 0 -0.3081026340615515 0.0 0.9513531241785742 -90.9783
0.9489957580918484 0.0 0.31528883761350923 189.841 0.0 1.0 0.0 0 -0.31528883761350923 0.0 0.9489957580918484 -90.7233
0.9470686573107518 0.0 0.32103108625117555 190.626 0.0 1.0 0.0 0 -0.32103108625117555 0.0 0.9470686573107518 -90.4567
0.9451189008229173 0.0 0.3267265880017735 191.429 0.0 1.0 0.0 0 -0.3267265880017735 0.0 0.9451189008229173 -90.1952
0.9430833580337 0.0 0.33255643100063476 192.21 0.0 1.0 0.0 0 -0.33255643100063476 0.0 0.9430833580337 -89.9279
0.9405331335774697 0.0 0.3397019644378665 192.989 0.0 1.0 0.0 0 -0.3397019644378665 0.0 0.9405331335774697 -89.6506
0.9384742056885353 0.0 0.34534933800033946 193.772 0.0 1.0 0.0 0 -0.34534933800033946 0.0 0.9384742056885353 -89.3638
0.9363150160941897 0.0 0.3511612032052194 194.567 0.0 1.0 0.0 0 -0.3511612032052194 0.0 0.9363150160941897 -89.0914
0.9344777512099752 0.0 0.35602153374978257 195.367 0.0 1.0 0.0 0 -0.35602153374978257 0.0 0.9344777512099752 -88.8158
0.9326892161780788 0.0 0.3606810585893319 196.161 0.0 1.0 0.0 0 -0.3606810585893319 0.0 0.9326892161780788 -88.527
0.9312816637568865 0.0 0.364299962599786 196.944 0.0 1.0 0.0 0 -0.364299962599786 0.0 0.9312816637568865 -88.2312
0.930692836682401 0.0 0.36580164535997617 197.737 0.0 1.0 0.0 0 -0.36580164535997617 0.0 0.930692836682401 -87.934
0.9297349254874409 0.0 0.3682295049678432 198.525 0.0 1.0 0.0 0 -0.3682295049678432 0.0 0.9297349254874409 -87.6499
0.9289003531585942 0.0 0.3703297637266534 199.31 0.0 1.0 0.0 0 -0.3703297637266534 0.0 0.9289003531585942 -87.3446
0.92787470631496 0.0 0.37289211493530766 200.101 0.0 1.0 0.0 0 -0.37289211493530766 0.0 0.92787470631496 -87.0193
0.9279880226409203 0.0 0.37261002379833386 200.908 0.0 1.0 0.0 0 -0.37261002379833386 0.0 0.9279880226409203 -86.7005
0.9279701362907425 0.0 0.3726545667941568 201.699 0.0 1.0 0.0 0 -0.3726545667941568 0.0 0.9279701362907425 -86.3888
0.9273528707756709 0.0 0.37418799160865923 202.496 0.0 1.0 0.0 0 -0.37418799160865923 0.0 0.9273528707756709 -86.0756
0.9266229455004287 0.0 0.3759919106471701 203.285 0.0 1.0 0.0 0 -0.3759919106471701 0.0 0.9266229455004287 -85.7605
0.9258059960093408 0.0 0.37799901819072546 204.072 0.0 1.0 0.0 0 -0.37799901819072546 0.0 0.9258059960093408 -85.4297
0.925199633326575 0.0 0.3794807485135066 204.858 0.0 1.0 0.0 0 -0.3794807485135066 0.0 0.925199633326575 -85.1019
0.9249622771711477 0.0 0.38005892412935793 205.653 0.0 1.0 0.0 0 -0.38005892412935793 0.0 0.9249622771711477 -84.7896
0.9245124014840086 0.0 0.3811519637917025 206.451 0.0 1.0 0.0 0 -0.3811519637917025 0.0 0.9245124014840086 -84.4758
0.9238125800420129 0.0 0.3828450299483061 207.239 0.0 1.0 0.0 0 -0.3828450299483061 0.0 0.9238125800420129 -84.1544
0.9235106113717104 0.0 0.3835728753233858 208.02 0.0 1.0 0.0 0 -0.3835728753233858 0.0 0.9235106113717104 -83.8336
0.9236007254961451 0.0 0.3833558397403049 208.8 0.0 1.0 0.0 0 -0.3833558397403049 0.0 0.9236007254961451 -83.5128
0.9235566334673624 0.0 0.38346205128856237 209.583 0.0 1.0 0.0 0 -0.38346205128856237 0.0 0.9235566334673624 -83.2054
